xData0, data0, errData0, xTheory0, theory0
-0.00996093765, -0.224580213, 0.00603289862, -0.000195312503, 0.193212733
0.0291015629, 0.21040985, 0.00427376258, 0.00468750007, 0.194026694
0.0681640635, 0.201756537, 0.00433104978, 0.00957031264, 0.194805503
0.107226564, 0.199177697, 0.00438488596, 0.0144531252, 0.195548549
0.146289065, 0.199569821, 0.00443953255, 0.0193359378, 0.196255207
0.185351565, 0.1930179, 0.00446345421, 0.0242187504, 0.19692491
0.224414066, 0.18342407, 0.00456908628, 0.0291015629, 0.197557122
0.263476566, 0.177303329, 0.00459439476, 0.0339843755, 0.198151335
0.302539067, 0.176049426, 0.00462323903, 0.0388671881, 0.198707059
0.341601568, 0.162190959, 0.00469885868, 0.0437500007, 0.199223861
0.380664068, 0.145341843, 0.00477602958, 0.0486328132, 0.199701339
0.419726569, 0.15211992, 0.00482237486, 0.0535156258, 0.20013912
0.458789069, 0.139160573, 0.00487633353, 0.0583984384, 0.200536877
0.49785157, 0.128851801, 0.00493562303, 0.0632812509, 0.200894296
0.536914071, 0.106217191, 0.0050246319, 0.0681640635, 0.201211125
0.575976571, 0.105821297, 0.00507059353, 0.0730468761, 0.201487139
0.615039072, 0.0952167213, 0.00515999285, 0.0779296887, 0.201722145
0.654101572, 0.0925120041, 0.00522228756, 0.0828125012, 0.201915994
0.693164073, 0.0757614598, 0.00524972702, 0.0876953138, 0.202068582
0.732226573, 0.0695229098, 0.00537464274, 0.0925781264, 0.202179819
0.771289074, 0.0789308473, 0.00537392919, 0.097460939, 0.202249676
0.810351575, 0.0678314269, 0.00541806738, 0.102343752, 0.202278152
0.849414075, 0.0608854629, 0.0055221227, 0.107226564, 0.202265278
0.888476576, 0.0569282919, 0.00557693251, 0.112109377, 0.202211142
0.927539076, 0.0499265641, 0.00562096337, 0.116992189, 0.202115849
0.966601577, 0.0432805195, 0.00571249264, 0.121875002, 0.201979533
1.00566408, 0.0521629602, 0.0057288131, 0.126757814, 0.201802403
1.04472658, 0.0415646099, 0.00581863319, 0.131640627, 0.201584667
1.08378908, 0.0364601053, 0.00588090029, 0.13652344, 0.201326594
1.12285158, 0.0460054427, 0.00588090999, 0.141406252, 0.201028466
1.16191408, 0.0442219079, 0.00594510515, 0.146289065, 0.200690627
1.20097658, 0.037864238, 0.0060154919, 0.151171877, 0.200313419
1.24003908, 0.0297506675, 0.006086672, 0.15605469, 0.199897259
1.27910158, 0.0544330999, 0.00610957084, 0.160937502, 0.199442551
1.31816408, 0.0604370311, 0.00610021953, 0.165820315, 0.198949784
1.35722658, 0.0534470119, 0.00618195349, 0.170703128, 0.198419452
1.39628908, 0.0609697066, 0.00623992887, 0.17558594, 0.19785206
1.43535158, 0.064839825, 0.0062630356, 0.180468753, 0.197248176
1.47441408, 0.0674232841, 0.00636645408, 0.185351565, 0.196608379
1.51347659, 0.0755829364, 0.00635912236, 0.190234378, 0.195933282
1.55253909, 0.0810793638, 0.0064457247, 0.19511719, 0.19522354
1.59160159, 0.101658925, 0.00642919448, 0.200000003, 0.194479808
1.63066409, 0.0895364583, 0.00653976629, 0.204882816, 0.193702787
1.66972659, 0.107451908, 0.0065288017, 0.209765628, 0.192893192
1.70878909, 0.12304002, 0.00657785162, 0.214648441, 0.192051753
1.74785159, 0.118455723, 0.00663000578, 0.219531253, 0.191179246
1.78691409, 0.122810535, 0.0066491957, 0.224414066, 0.190276444
1.82597659, 0.107325427, 0.00675366238, 0.229296878, 0.189344153
1.86503909, 0.108027987, 0.00680139267, 0.234179691, 0.188383222
1.90410159, 0.119710408, 0.00683792638, 0.239062504, 0.18739447
1.94316409, 0.124947518, 0.00692994844, 0.243945316, 0.186378747
1.98222659, 0.125810698, 0.00695161275, 0.248828129, 0.185336947
2.02128909, 0.126886383, 0.0070231418, 0.253710941, 0.18426995
2.06035159, 0.11889486, 0.00712832072, 0.258593754, 0.183178663
2.09941409, 0.127027944, 0.00720934404, 0.263476566, 0.182063982
2.13847659, 0.118537903, 0.00728915007, 0.268359379, 0.180926844
2.17753909, 0.105905227, 0.00734442104, 0.273242192, 0.17976819
2.2166016, 0.106940329, 0.00740921444, 0.278125004, 0.178588957
2.2556641, 0.102957077, 0.00755456185, 0.283007817, 0.177390084
2.2947266, 0.104686692, 0.00756880696, 0.287890629, 0.176172525
2.3337891, 0.101736784, 0.00764632726, 0.292773442, 0.174937248
2.3728516, 0.112611897, 0.00769011912, 0.297656254, 0.173685223
2.4119141, 0.0858330429, 0.00783517338, 0.302539067, 0.172417402
2.4509766, 0.0820831284, 0.00790763286, 0.30742188, 0.171134755
2.4900391, 0.0665228069, 0.0079957147, 0.312304692, 0.169838235
2.5291016, 0.0746757612, 0.00812447965, 0.317187505, 0.16852884
2.5681641, 0.0864599794, 0.00813662046, 0.322070317, 0.167207509
2.6072266, 0.0601763055, 0.00826665384, 0.32695313, 0.165875196
2.6462891, 0.0546751656, 0.00830318061, 0.331835942, 0.16453287
2.6853516, 0.0707364306, 0.00836209513, 0.336718755, 0.163181484
2.7244141, 0.0453328341, 0.0085179863, 0.341601568, 0.161821961
2.7634766, 0.0494905189, 0.00856111302, 0.34648438, 0.160455242
2.8025391, 0.0449990667, 0.00866833057, 0.351367193, 0.159082279
2.8416016, 0.0491686948, 0.00879442141, 0.356250005, 0.157703951
2.88066411, 0.0607424788, 0.00884030608, 0.361132818, 0.156321198
2.91972661, 0.0438535325, 0.00884102268, 0.36601563, 0.154934898
2.95878911, 0.0449929461, 0.0090311407, 0.370898443, 0.153545931
2.99785161, 0.0651420727, 0.00908556468, 0.375781256, 0.152155176
3.03691411, 0.0607937016, 0.00912805234, 0.380664068, 0.150763482
3.07597661, 0.0618390068, 0.00926432408, 0.385546881, 0.149371713
3.11503911, 0.0479385704, 0.00939786996, 0.390429693, 0.14798066
3.15410161, 0.0635425076, 0.00949531285, 0.395312506, 0.146591172
3.19316411, 0.0581169315, 0.00953732883, 0.400195318, 0.145204023
3.23222661, 0.0560919605, 0.00961753443, 0.405078131, 0.143819988
3.27128911, 0.0694471598, 0.00968116448, 0.409960944, 0.142439842
3.31035161, 0.0652428269, 0.00976401666, 0.414843756, 0.141064301
3.34941411, 0.0746338516, 0.00976059197, 0.419726569, 0.139694124
3.38847661, 0.0607318282, 0.00987148886, 0.424609381, 0.138329983
3.42753911, 0.0696096495, 0.0100100057, 0.429492194, 0.136972576
3.46660161, 0.0783644095, 0.0101409472, 0.434375006, 0.135622561
3.50566411, 0.0591346473, 0.0103140989, 0.439257819, 0.134280592
3.54472662, 0.052204892, 0.0102738539, 0.444140632, 0.132947281
3.58378912, 0.0830578655, 0.0103553881, 0.449023444, 0.131623223
3.62285162, 0.07416109, 0.0104583933, 0.453906257, 0.130309016
3.66191412, 0.0718929842, 0.0105575579, 0.458789069, 0.129005209
3.70097662, 0.0710004643, 0.0106291063, 0.463671882, 0.127712354
3.74003912, 0.057103537, 0.010901893, 0.468554694, 0.126430944
3.77910162, 0.0707501322, 0.0108694168, 0.473437507, 0.125161484
3.81816412, 0.0584234819, 0.0109537719, 0.47832032, 0.123904444
3.85722662, 0.057032343, 0.0110839974, 0.483203132, 0.122660279
3.89628912, 0.050680019, 0.011172312, 0.488085945, 0.121429414
3.93535162, 0.0495718084, 0.0113289616, 0.492968757, 0.120212257
3.97441412, 0.0424193069, 0.0115441288, 0.49785157, 0.119009182
4.01347662, 0.0533033349, 0.0114385781, 0.502734382, 0.117820568
4.05253912, 0.0422915369, 0.0118127044, 0.507617195, 0.116646744
4.09160162, 0.0506996028, 0.01173587, 0.512500008, 0.115488037
4.13066412, 0.0656219795, 0.0119804828, 0.51738282, 0.114344738
4.16972662, 0.0489493832, 0.011904873, 0.522265633, 0.11321713
4.20878913, 0.038946867, 0.0121003056, 0.527148445, 0.112105466
4.24785163, 0.0416219719, 0.0121657044, 0.532031258, 0.111009985
4.28691413, 0.0212984979, 0.0124294685, 0.536914071, 0.109930895
4.32597663, 0.0229448285, 0.0125407798, 0.541796883, 0.108868398
4.36503913, -0.00474328967, 0.0127129046, 0.546679696, 0.107822664
4.40410163, 0.0561995991, 0.0127024396, 0.551562508, 0.106793858
4.44316413, 0.0172907971, 0.0127916838, 0.556445321, 0.105782107
4.48222663, 0.0182464812, 0.0130923796, 0.561328133, 0.104787536
4.52128913, 0.0268783011, 0.0132687502, 0.566210946, 0.103810243
4.56035163, 0.0320753977, 0.0131314906, 0.571093759, 0.102850311
4.59941413, 0.0252658147, 0.0133535349, 0.575976571, 0.101907805
4.63847663, 0.0243859328, 0.0135553577, 0.580859384, 0.100982763
4.67753913, 0.0146433236, 0.0136982814, 0.585742196, 0.10007523
4.71660163, 0.0490535833, 0.013678647, 0.590625009, 0.0991852209
4.75566413, 0.0292259008, 0.0138793595, 0.595507821, 0.0983127207
4.79472663, 0.0598722324, 0.0138335916, 0.600390634, 0.0974577293
4.83378913, 0.0620258637, 0.0140644509, 0.605273447, 0.0966202021
4.87285164, 0.0603212416, 0.0141898536, 0.610156259, 0.0958001092
4.91191414, 0.0476637594, 0.0143291105, 0.615039072, 0.0949973837
4.95097664, 0.0476133153, 0.01440531, 0.619921884, 0.0942119509
4.99003914, 0.094095543, 0.0144015478, 0.624804697, 0.093443729
5.02910164, 0.0774519891, 0.0147909459, 0.629687509, 0.0926926211
5.06816414, 0.0746093392, 0.0149255584, 0.634570322, 0.0919585228
5.10722664, 0.0317819566, 0.0148823245, 0.639453135, 0.091241315
5.14628914, 0.0977423266, 0.0150295773, 0.644335947, 0.0905408561
5.18535164, 0.0439233258, 0.0153526668, 0.64921876, 0.0898570195
5.22441414, 0.0881858766, 0.0154931027, 0.654101572, 0.0891896412
5.26347664, 0.072620362, 0.0153506272, 0.658984385, 0.0885385722
5.30253914, 0.0943059251, 0.0155246059, 0.663867197, 0.0879036412
5.34160164, 0.0948261097, 0.0159646917, 0.66875001, 0.0872846693
5.38066414, 0.0624254495, 0.0159419754, 0.673632823, 0.0866814777
5.41972664, 0.0859852731, 0.0161364621, 0.678515635, 0.0860938653
5.45878914, 0.0982866585, 0.0162165654, 0.683398448, 0.0855216384
5.49785164, 0.0642704144, 0.0163496451, 0.68828126, 0.0849645957
5.53691415, 0.0680940375, 0.0165210469, 0.693164073, 0.0844225213
5.57597665, 0.10608568, 0.0163975133, 0.698046885, 0.083895199
5.61503915, 0.112789549, 0.016739689, 0.702929698, 0.0833824128
5.65410165, 0.111839607, 0.0168974036, 0.707812511, 0.0828839317
5.69316415, 0.0953816772, 0.0171093395, 0.712695323, 0.0823995322
5.73222665, 0.0718024373, 0.0172182897, 0.717578136, 0.0819289684
5.77128915, 0.0975378305, 0.0176465575, 0.722460948, 0.0814720169
5.81035165, 0.0596248545, 0.0178755869, 0.727343761, 0.0810284317
5.84941415, 0.10435047, 0.0179033596, 0.732226573, 0.0805979669
5.88847665, 0.0796548724, 0.0179793171, 0.737109386, 0.0801803842
5.92753915, 0.092114225, 0.0183354228, 0.741992199, 0.0797754303
5.96660165, 0.0334487148, 0.018508401, 0.746875011, 0.0793828666
6.00566415, 0.062496338, 0.0186255738, 0.751757824, 0.07900244
6.04472665, 0.0603143983, 0.0194222614, 0.756640636, 0.078633897
6.08378915, 0.0451111794, 0.0192787013, 0.761523449, 0.0782769918
6.12285165, 0.0114262644, 0.0196548468, 0.766406261, 0.0779314712
6.16191415, 0.0182270482, 0.0193404143, 0.771289074, 0.0775970817
6.20097665, -0.000855095626, 0.0198500555, 0.776171887, 0.0772735775
6.24003916, 0.0463464372, 0.0198130211, 0.781054699, 0.0769607201
6.27910166, 0.038747713, 0.0201002179, 0.785937512, 0.0766582415
6.31816416, 0.0487104394, 0.0203988919, 0.790820324, 0.076365903
6.35722666, 0.000963401864, 0.0200965497, 0.795703137, 0.076083459
6.39628916, 0.0184458718, 0.0204017771, 0.800585949, 0.0758106709
6.43535166, 0.019536661, 0.0212052678, 0.805468762, 0.0755472854
6.47441416, 0.0108371926, 0.0213331893, 0.810351575, 0.0752930716
6.51347666, -0.043124713, 0.0219057218, 0.815234387, 0.0750477836
6.55253916, 0.0529958233, 0.0219928444, 0.8201172, 0.0748111978
6.59160166, 0.0500334427, 0.0220213893, 0.825000012, 0.074583061
6.63066416, 0.00863300916, 0.0222642045, 0.829882825, 0.0743631646
6.66972666, -0.0317104049, 0.0229441787, 0.834765637, 0.0741512701
6.70878916, 0.046985779, 0.0223555996, 0.83964845, 0.073947154
6.74785166, -0.00435977755, 0.0229281838, 0.844531263, 0.0737505928
6.78691416, 0.0130652739, 0.0227963049, 0.849414075, 0.0735613704
6.82597666, 0.0758350864, 0.0229378722, 0.854296888, 0.0733792707
6.86503916, 0.0422831401, 0.0234774877, 0.8591797, 0.0732040852
6.90410167, 0.0547079183, 0.023074786, 0.864062513, 0.0730356053
6.94316417, 0.0209742691, 0.0238043479, 0.868945325, 0.0728736296
6.98222667, 0.062702477, 0.0239193962, 0.873828138, 0.0727179497
7.02128917, 0.000624609645, 0.0244184973, 0.878710951, 0.0725683719
7.06035167, 0.0365968309, 0.0246653816, 0.883593763, 0.0724247098
7.09941417, 0.071980603, 0.0249659116, 0.888476576, 0.0722867623
7.13847667, 0.0434919186, 0.0247137793, 0.893359388, 0.072154358
7.17753917, 0.0650092587, 0.0253193186, 0.898242201, 0.0720273033
7.21660167, 0.0404594652, 0.0256755342, 0.903125013, 0.0719054267
7.25566417, 0.0504222214, 0.0257627679, 0.908007826, 0.0717885494
7.29472667, 0.0627207085, 0.0267754741, 0.912890639, 0.0716765076
7.33378917, 0.121066615, 0.0261060569, 0.917773451, 0.0715691373
7.37285167, 0.0891966, 0.0265951288, 0.922656264, 0.0714662671
7.41191417, 0.0835213214, 0.0266046404, 0.927539076, 0.0713677481
7.45097667, 0.0802178755, 0.0272271486, 0.932421889, 0.0712734237
7.49003917, 0.0691850185, 0.0272822032, 0.937304701, 0.0711831376
7.52910167, 0.0693770647, 0.0272499801, 0.942187514, 0.0710967556
7.56816418, -0.000690861547, 0.0285567928, 0.947070327, 0.0710141286
7.60722668, 0.0319603197, 0.0293460786, 0.951953139, 0.0709351152
7.64628918, 0.107461385, 0.0288397393, 0.956835952, 0.0708595812
7.68535168, 0.109228365, 0.0305361188, 0.961718764, 0.0707874075
7.72441418, 0.0717013031, 0.0293612366, 0.966601577, 0.0707184523
7.76347668, 0.108872369, 0.0293154518, 0.971484389, 0.0706526041
7.80253918, 0.109048657, 0.0294197949, 0.976367202, 0.0705897361
7.84160168, 0.060385175, 0.030568029, 0.981250015, 0.0705297291
7.88066418, 0.0594995096, 0.0312136444, 0.986132827, 0.0704724789
7.91972668, 0.0129042529, 0.03096326, 0.99101564, 0.0704178661
 , , , 0.995898452, 0.0703658015
 , , , 1.00078126, 0.0703161582
 , , , 1.00566408, 0.0702688619
 , , , 1.01054689, 0.0702238008
 , , , 1.0154297, 0.0701808855
 , , , 1.02031252, 0.0701400265
 , , , 1.02519533, 0.0701011419
 , , , 1.03007814, 0.0700641423
 , , , 1.03496095, 0.0700289533
 , , , 1.03984377, 0.0699954852
 , , , 1.04472658, 0.0699636787
 , , , 1.04960939, 0.0699334517
 , , , 1.0544922, 0.0699047297
 , , , 1.05937502, 0.0698774531
 , , , 1.06425783, 0.0698515624
 , , , 1.06914064, 0.0698269829
 , , , 1.07402345, 0.0698036626
 , , , 1.07890627, 0.0697815418
 , , , 1.08378908, 0.0697605684
 , , , 1.08867189, 0.0697406828
 , , , 1.0935547, 0.0697218403
 , , , 1.09843752, 0.0697039887
 , , , 1.10332033, 0.0696870759
 , , , 1.10820314, 0.0696710646
 , , , 1.11308595, 0.0696559101
 , , , 1.11796877, 0.0696415752
 , , , 1.12285158, 0.0696280077
 , , , 1.12773439, 0.0696151853
 , , , 1.1326172, 0.0696030557
 , , , 1.13750002, 0.0695915967
 , , , 1.14238283, 0.0695807636
 , , , 1.14726564, 0.0695705414
 , , , 1.15214845, 0.069560878
 , , , 1.15703127, 0.0695517659
 , , , 1.16191408, 0.0695431605
 , , , 1.16679689, 0.0695350468
 , , , 1.1716797, 0.0695273876
 , , , 1.17656252, 0.0695201755
 , , , 1.18144533, 0.0695133731
 , , , 1.18632814, 0.0695069656
 , , , 1.19121096, 0.0695009232
 , , , 1.19609377, 0.0694952384
 , , , 1.20097658, 0.0694898888
 , , , 1.20585939, 0.0694848523
 , , , 1.21074221, 0.0694801137
 , , , 1.21562502, 0.0694756508
 , , , 1.22050783, 0.0694714636
 , , , 1.22539064, 0.0694675222
 , , , 1.23027346, 0.0694638193
 , , , 1.23515627, 0.0694603398
 , , , 1.24003908, 0.0694570765
 , , , 1.24492189, 0.0694540069
 , , , 1.24980471, 0.0694511309
 , , , 1.25468752, 0.0694484264
 , , , 1.25957033, 0.0694458932
 , , , 1.26445314, 0.0694435164
 , , , 1.26933596, 0.0694412887
 , , , 1.27421877, 0.0694392025
 , , , 1.27910158, 0.0694372505
 , , , 1.28398439, 0.0694354177
 , , , 1.28886721, 0.0694336966
 , , , 1.29375002, 0.0694320947
 , , , 1.29863283, 0.0694305897
 , , , 1.30351564, 0.0694291815
 , , , 1.30839846, 0.0694278702
 , , , 1.31328127, 0.0694266409
 , , , 1.31816408, 0.0694254935
 , , , 1.32304689, 0.0694244131
 , , , 1.32792971, 0.0694234148
 , , , 1.33281252, 0.069422476
 , , , 1.33769533, 0.0694216043
 , , , 1.34257815, 0.0694207847
 , , , 1.34746096, 0.0694200248
 , , , 1.35234377, 0.0694193095
 , , , 1.35722658, 0.0694186538
 , , , 1.3621094, 0.0694180354
 , , , 1.36699221, 0.0694174543
 , , , 1.37187502, 0.0694169179
 , , , 1.37675783, 0.0694164187
 , , , 1.38164065, 0.0694159567
 , , , 1.38652346, 0.0694155246
 , , , 1.39140627, 0.0694151223
 , , , 1.39628908, 0.0694147423
 , , , 1.4011719, 0.0694143996
 , , , 1.40605471, 0.0694140717
 , , , 1.41093752, 0.0694137737
 , , , 1.41582033, 0.0694134906
 , , , 1.42070315, 0.0694132298
 , , , 1.42558596, 0.0694129914
 , , , 1.43046877, 0.0694127679
 , , , 1.43535158, 0.0694125593
 , , , 1.4402344, 0.0694123656
 , , , 1.44511721, 0.0694121867
 , , , 1.45000002, 0.0694120154
 , , , 1.45488283, 0.0694118664
 , , , 1.45976565, 0.0694117248
 , , , 1.46464846, 0.0694115907
 , , , 1.46953127, 0.069411464
 , , , 1.47441408, 0.0694113523
 , , , 1.4792969, 0.069411248
 , , , 1.48417971, 0.0694111511
 , , , 1.48906252, 0.0694110617
 , , , 1.49394533, 0.0694109797
 , , , 1.49882815, 0.0694108978
 , , , 1.50371096, 0.0694108307
 , , , 1.50859377, 0.0694107637
 , , , 1.51347659, 0.0694107041
 , , , 1.5183594, 0.0694106445
 , , , 1.52324221, 0.0694105923
 , , , 1.52812502, 0.0694105476
 , , , 1.53300784, 0.0694105029
 , , , 1.53789065, 0.0694104657
 , , , 1.54277346, 0.0694104284
 , , , 1.54765627, 0.0694103912
 , , , 1.55253909, 0.0694103613
 , , , 1.5574219, 0.0694103315
 , , , 1.56230471, 0.0694103017
 , , , 1.56718752, 0.0694102794
 , , , 1.57207034, 0.069410257
 , , , 1.57695315, 0.0694102347
 , , , 1.58183596, 0.0694102123
 , , , 1.58671877, 0.0694101974
 , , , 1.59160159, 0.0694101825
 , , , 1.5964844, 0.0694101676
 , , , 1.60136721, 0.0694101527
 , , , 1.60625002, 0.0694101378
 , , , 1.61113284, 0.0694101304
 , , , 1.61601565, 0.0694101155
 , , , 1.62089846, 0.069410108
 , , , 1.62578127, 0.0694101006
 , , , 1.63066409, 0.0694100857
 , , , 1.6355469, 0.0694100782
 , , , 1.64042971, 0.0694100708
 , , , 1.64531252, 0.0694100708
 , , , 1.65019534, 0.0694100633
 , , , 1.65507815, 0.0694100559
 , , , 1.65996096, 0.0694100484
 , , , 1.66484377, 0.0694100484
 , , , 1.66972659, 0.069410041
 , , , 1.6746094, 0.069410041
 , , , 1.67949221, 0.0694100335
 , , , 1.68437503, 0.0694100335
 , , , 1.68925784, 0.0694100261
 , , , 1.69414065, 0.0694100261
 , , , 1.69902346, 0.0694100261
 , , , 1.70390628, 0.0694100261
 , , , 1.70878909, 0.0694100186
 , , , 1.7136719, 0.0694100186
 , , , 1.71855471, 0.0694100186
 , , , 1.72343753, 0.0694100186
 , , , 1.72832034, 0.0694100112
 , , , 1.73320315, 0.0694100112
 , , , 1.73808596, 0.0694100112
 , , , 1.74296878, 0.0694100112
 , , , 1.74785159, 0.0694100112
 , , , 1.7527344, 0.0694100112
 , , , 1.75761721, 0.0694100112
 , , , 1.76250003, 0.0694100037
 , , , 1.76738284, 0.0694100037
 , , , 1.77226565, 0.0694100037
 , , , 1.77714846, 0.0694100037
 , , , 1.78203128, 0.0694100037
 , , , 1.78691409, 0.0694100037
 , , , 1.7917969, 0.0694100037
 , , , 1.79667971, 0.0694100037
 , , , 1.80156253, 0.0694100037
 , , , 1.80644534, 0.0694100037
 , , , 1.81132815, 0.0694100037
 , , , 1.81621096, 0.0694100037
 , , , 1.82109378, 0.0694100037
 , , , 1.82597659, 0.0694100037
 , , , 1.8308594, 0.0694100037
 , , , 1.83574221, 0.0694100037
 , , , 1.84062503, 0.0694100037
 , , , 1.84550784, 0.0694100037
 , , , 1.85039065, 0.0694100037
 , , , 1.85527347, 0.0694100037
 , , , 1.86015628, 0.0694100037
 , , , 1.86503909, 0.0694100037
 , , , 1.8699219, 0.0694100037
 , , , 1.87480472, 0.0694100037
 , , , 1.87968753, 0.0694100037
 , , , 1.88457034, 0.0694100037
 , , , 1.88945315, 0.0694100037
 , , , 1.89433597, 0.0694100037
 , , , 1.89921878, 0.0694100037
 , , , 1.90410159, 0.0694100037
 , , , 1.9089844, 0.0694100037
 , , , 1.91386722, 0.0694100037
 , , , 1.91875003, 0.0694100037
 , , , 1.92363284, 0.0694100037
 , , , 1.92851565, 0.0694100037
 , , , 1.93339847, 0.0694100037
 , , , 1.93828128, 0.0694100037
 , , , 1.94316409, 0.0694100037
 , , , 1.9480469, 0.0694100037
 , , , 1.95292972, 0.0694100037
 , , , 1.95781253, 0.0694100037
 , , , 1.96269534, 0.0694100037
 , , , 1.96757815, 0.0694100037
 , , , 1.97246097, 0.0694100037
 , , , 1.97734378, 0.0694100037
 , , , 1.98222659, 0.0694100037
 , , , 1.9871094, 0.0694100037
 , , , 1.99199222, 0.0694100037
 , , , 1.99687503, 0.0694100037
 , , , 2.00175784, 0.0694100037
 , , , 2.00664065, 0.0694100037
 , , , 2.01152347, 0.0694100037
 , , , 2.01640628, 0.0694100037
 , , , 2.02128909, 0.0694100037
 , , , 2.02617191, 0.0694100037
 , , , 2.03105472, 0.0694100037
 , , , 2.03593753, 0.0694100037
 , , , 2.04082034, 0.0694100037
 , , , 2.04570316, 0.0694100037
 , , , 2.05058597, 0.0694100037
 , , , 2.05546878, 0.0694100037
 , , , 2.06035159, 0.0694100037
 , , , 2.06523441, 0.0694100037
 , , , 2.07011722, 0.0694100037
 , , , 2.07500003, 0.0694100037
 , , , 2.07988284, 0.0694100037
 , , , 2.08476566, 0.0694100037
 , , , 2.08964847, 0.0694100037
 , , , 2.09453128, 0.0694100037
 , , , 2.09941409, 0.0694100037
 , , , 2.10429691, 0.0694100037
 , , , 2.10917972, 0.0694100037
 , , , 2.11406253, 0.0694100037
 , , , 2.11894534, 0.0694100037
 , , , 2.12382816, 0.0694100037
 , , , 2.12871097, 0.0694100037
 , , , 2.13359378, 0.0694100037
 , , , 2.13847659, 0.0694100037
 , , , 2.14335941, 0.0694100037
 , , , 2.14824222, 0.0694100037
 , , , 2.15312503, 0.0694100037
 , , , 2.15800784, 0.0694100037
 , , , 2.16289066, 0.0694100037
 , , , 2.16777347, 0.0694100037
 , , , 2.17265628, 0.0694100037
 , , , 2.17753909, 0.0694100037
 , , , 2.18242191, 0.0694100037
 , , , 2.18730472, 0.0694100037
 , , , 2.19218753, 0.0694100037
 , , , 2.19707035, 0.0694100037
 , , , 2.20195316, 0.0694100037
 , , , 2.20683597, 0.0694100037
 , , , 2.21171878, 0.0694100037
 , , , 2.2166016, 0.0694100037
 , , , 2.22148441, 0.0694100037
 , , , 2.22636722, 0.0694100037
 , , , 2.23125003, 0.0694100037
 , , , 2.23613285, 0.0694100037
 , , , 2.24101566, 0.0694100037
 , , , 2.24589847, 0.0694100037
 , , , 2.25078128, 0.0694100037
 , , , 2.2556641, 0.0694100037
 , , , 2.26054691, 0.0694100037
 , , , 2.26542972, 0.0694100037
 , , , 2.27031253, 0.0694100037
 , , , 2.27519535, 0.0694100037
 , , , 2.28007816, 0.0694100037
 , , , 2.28496097, 0.0694100037
 , , , 2.28984378, 0.0694100037
 , , , 2.2947266, 0.0694100037
 , , , 2.29960941, 0.0694100037
 , , , 2.30449222, 0.0694100037
 , , , 2.30937503, 0.0694100037
 , , , 2.31425785, 0.0694100037
 , , , 2.31914066, 0.0694100037
 , , , 2.32402347, 0.0694100037
 , , , 2.32890628, 0.0694100037
 , , , 2.3337891, 0.0694100037
 , , , 2.33867191, 0.0694100037
 , , , 2.34355472, 0.0694100037
 , , , 2.34843753, 0.0694100037
 , , , 2.35332035, 0.0694100037
 , , , 2.35820316, 0.0694100037
 , , , 2.36308597, 0.0694100037
 , , , 2.36796879, 0.0694100037
 , , , 2.3728516, 0.0694100037
 , , , 2.37773441, 0.0694100037
 , , , 2.38261722, 0.0694100037
 , , , 2.38750004, 0.0694100037
 , , , 2.39238285, 0.0694100037
 , , , 2.39726566, 0.0694100037
 , , , 2.40214847, 0.0694100037
 , , , 2.40703129, 0.0694100037
 , , , 2.4119141, 0.0694100037
 , , , 2.41679691, 0.0694100037
 , , , 2.42167972, 0.0694100037
 , , , 2.42656254, 0.0694100037
 , , , 2.43144535, 0.0694100037
 , , , 2.43632816, 0.0694100037
 , , , 2.44121097, 0.0694100037
 , , , 2.44609379, 0.0694100037
 , , , 2.4509766, 0.0694100037
 , , , 2.45585941, 0.0694100037
 , , , 2.46074222, 0.0694100037
 , , , 2.46562504, 0.0694100037
 , , , 2.47050785, 0.0694100037
 , , , 2.47539066, 0.0694100037
 , , , 2.48027347, 0.0694100037
 , , , 2.48515629, 0.0694100037
 , , , 2.4900391, 0.0694100037
 , , , 2.49492191, 0.0694100037
 , , , 2.49980472, 0.0694100037
 , , , 2.50468754, 0.0694100037
 , , , 2.50957035, 0.0694100037
 , , , 2.51445316, 0.0694100037
 , , , 2.51933598, 0.0694100037
 , , , 2.52421879, 0.0694100037
 , , , 2.5291016, 0.0694100037
 , , , 2.53398441, 0.0694100037
 , , , 2.53886723, 0.0694100037
 , , , 2.54375004, 0.0694100037
 , , , 2.54863285, 0.0694100037
 , , , 2.55351566, 0.0694100037
 , , , 2.55839848, 0.0694100037
 , , , 2.56328129, 0.0694100037
 , , , 2.5681641, 0.0694100037
 , , , 2.57304691, 0.0694100037
 , , , 2.57792973, 0.0694100037
 , , , 2.58281254, 0.0694100037
 , , , 2.58769535, 0.0694100037
 , , , 2.59257816, 0.0694100037
 , , , 2.59746098, 0.0694100037
 , , , 2.60234379, 0.0694100037
 , , , 2.6072266, 0.0694100037
 , , , 2.61210941, 0.0694100037
 , , , 2.61699223, 0.0694100037
 , , , 2.62187504, 0.0694100037
 , , , 2.62675785, 0.0694100037
 , , , 2.63164066, 0.0694100037
 , , , 2.63652348, 0.0694100037
 , , , 2.64140629, 0.0694100037
 , , , 2.6462891, 0.0694100037
 , , , 2.65117191, 0.0694100037
 , , , 2.65605473, 0.0694100037
 , , , 2.66093754, 0.0694100037
 , , , 2.66582035, 0.0694100037
 , , , 2.67070316, 0.0694100037
 , , , 2.67558598, 0.0694100037
 , , , 2.68046879, 0.0694100037
 , , , 2.6853516, 0.0694100037
 , , , 2.69023442, 0.0694100037
 , , , 2.69511723, 0.0694100037
 , , , 2.70000004, 0.0694100037
 , , , 2.70488285, 0.0694100037
 , , , 2.70976567, 0.0694100037
 , , , 2.71464848, 0.0694100037
 , , , 2.71953129, 0.0694100037
 , , , 2.7244141, 0.0694100037
 , , , 2.72929692, 0.0694100037
 , , , 2.73417973, 0.0694100037
 , , , 2.73906254, 0.0694100037
 , , , 2.74394535, 0.0694100037
 , , , 2.74882817, 0.0694100037
 , , , 2.75371098, 0.0694100037
 , , , 2.75859379, 0.0694100037
 , , , 2.7634766, 0.0694100037
 , , , 2.76835942, 0.0694100037
 , , , 2.77324223, 0.0694100037
 , , , 2.77812504, 0.0694100037
 , , , 2.78300785, 0.0694100037
 , , , 2.78789067, 0.0694100037
 , , , 2.79277348, 0.0694100037
 , , , 2.79765629, 0.0694100037
 , , , 2.8025391, 0.0694100037
 , , , 2.80742192, 0.0694100037
 , , , 2.81230473, 0.0694100037
 , , , 2.81718754, 0.0694100037
 , , , 2.82207035, 0.0694100037
 , , , 2.82695317, 0.0694100037
 , , , 2.83183598, 0.0694100037
 , , , 2.83671879, 0.0694100037
 , , , 2.8416016, 0.0694100037
 , , , 2.84648442, 0.0694100037
 , , , 2.85136723, 0.0694100037
 , , , 2.85625004, 0.0694100037
 , , , 2.86113286, 0.0694100037
 , , , 2.86601567, 0.0694100037
 , , , 2.87089848, 0.0694100037
 , , , 2.87578129, 0.0694100037
 , , , 2.88066411, 0.0694100037
 , , , 2.88554692, 0.0694100037
 , , , 2.89042973, 0.0694100037
 , , , 2.89531254, 0.0694100037
 , , , 2.90019536, 0.0694100037
 , , , 2.90507817, 0.0694100037
 , , , 2.90996098, 0.0694100037
 , , , 2.91484379, 0.0694100037
 , , , 2.91972661, 0.0694100037
 , , , 2.92460942, 0.0694100037
 , , , 2.92949223, 0.0694100037
 , , , 2.93437504, 0.0694100037
 , , , 2.93925786, 0.0694100037
 , , , 2.94414067, 0.0694100037
 , , , 2.94902348, 0.0694100037
 , , , 2.95390629, 0.0694100037
 , , , 2.95878911, 0.0694100037
 , , , 2.96367192, 0.0694100037
 , , , 2.96855473, 0.0694100037
 , , , 2.97343754, 0.0694100037
 , , , 2.97832036, 0.0694100037
 , , , 2.98320317, 0.0694100037
 , , , 2.98808598, 0.0694100037
 , , , 2.99296879, 0.0694100037
 , , , 2.99785161, 0.0694100037
 , , , 3.00273442, 0.0694100037
 , , , 3.00761723, 0.0694100037
 , , , 3.01250004, 0.0694100037
 , , , 3.01738286, 0.0694100037
 , , , 3.02226567, 0.0694100037
 , , , 3.02714848, 0.0694100037
 , , , 3.0320313, 0.0694100037
 , , , 3.03691411, 0.0694100037
 , , , 3.04179692, 0.0694100037
 , , , 3.04667973, 0.0694100037
 , , , 3.05156255, 0.0694100037
 , , , 3.05644536, 0.0694100037
 , , , 3.06132817, 0.0694100037
 , , , 3.06621098, 0.0694100037
 , , , 3.0710938, 0.0694100037
 , , , 3.07597661, 0.0694100037
 , , , 3.08085942, 0.0694100037
 , , , 3.08574223, 0.0694100037
 , , , 3.09062505, 0.0694100037
 , , , 3.09550786, 0.0694100037
 , , , 3.10039067, 0.0694100037
 , , , 3.10527348, 0.0694100037
 , , , 3.1101563, 0.0694100037
 , , , 3.11503911, 0.0694100037
 , , , 3.11992192, 0.0694100037
 , , , 3.12480473, 0.0694100037
 , , , 3.12968755, 0.0694100037
 , , , 3.13457036, 0.0694100037
 , , , 3.13945317, 0.0694100037
 , , , 3.14433598, 0.0694100037
 , , , 3.1492188, 0.0694100037
 , , , 3.15410161, 0.0694100037
 , , , 3.15898442, 0.0694100037
 , , , 3.16386723, 0.0694100037
 , , , 3.16875005, 0.0694100037
 , , , 3.17363286, 0.0694100037
 , , , 3.17851567, 0.0694100037
 , , , 3.18339848, 0.0694100037
 , , , 3.1882813, 0.0694100037
 , , , 3.19316411, 0.0694100037
 , , , 3.19804692, 0.0694100037
 , , , 3.20292974, 0.0694100037
 , , , 3.20781255, 0.0694100037
 , , , 3.21269536, 0.0694100037
 , , , 3.21757817, 0.0694100037
 , , , 3.22246099, 0.0694100037
 , , , 3.2273438, 0.0694100037
 , , , 3.23222661, 0.0694100037
 , , , 3.23710942, 0.0694100037
 , , , 3.24199224, 0.0694100037
 , , , 3.24687505, 0.0694100037
 , , , 3.25175786, 0.0694100037
 , , , 3.25664067, 0.0694100037
 , , , 3.26152349, 0.0694100037
 , , , 3.2664063, 0.0694100037
 , , , 3.27128911, 0.0694100037
 , , , 3.27617192, 0.0694100037
 , , , 3.28105474, 0.0694100037
 , , , 3.28593755, 0.0694100037
 , , , 3.29082036, 0.0694100037
 , , , 3.29570317, 0.0694100037
 , , , 3.30058599, 0.0694100037
 , , , 3.3054688, 0.0694100037
 , , , 3.31035161, 0.0694100037
 , , , 3.31523442, 0.0694100037
 , , , 3.32011724, 0.0694100037
 , , , 3.32500005, 0.0694100037
 , , , 3.32988286, 0.0694100037
 , , , 3.33476567, 0.0694100037
 , , , 3.33964849, 0.0694100037
 , , , 3.3445313, 0.0694100037
 , , , 3.34941411, 0.0694100037
 , , , 3.35429692, 0.0694100037
 , , , 3.35917974, 0.0694100037
 , , , 3.36406255, 0.0694100037
 , , , 3.36894536, 0.0694100037
 , , , 3.37382818, 0.0694100037
 , , , 3.37871099, 0.0694100037
 , , , 3.3835938, 0.0694100037
 , , , 3.38847661, 0.0694100037
 , , , 3.39335943, 0.0694100037
 , , , 3.39824224, 0.0694100037
 , , , 3.40312505, 0.0694100037
 , , , 3.40800786, 0.0694100037
 , , , 3.41289068, 0.0694100037
 , , , 3.41777349, 0.0694100037
 , , , 3.4226563, 0.0694100037
 , , , 3.42753911, 0.0694100037
 , , , 3.43242193, 0.0694100037
 , , , 3.43730474, 0.0694100037
 , , , 3.44218755, 0.0694100037
 , , , 3.44707036, 0.0694100037
 , , , 3.45195318, 0.0694100037
 , , , 3.45683599, 0.0694100037
 , , , 3.4617188, 0.0694100037
 , , , 3.46660161, 0.0694100037
 , , , 3.47148443, 0.0694100037
 , , , 3.47636724, 0.0694100037
 , , , 3.48125005, 0.0694100037
 , , , 3.48613286, 0.0694100037
 , , , 3.49101568, 0.0694100037
 , , , 3.49589849, 0.0694100037
 , , , 3.5007813, 0.0694100037
 , , , 3.50566411, 0.0694100037
 , , , 3.51054693, 0.0694100037
 , , , 3.51542974, 0.0694100037
 , , , 3.52031255, 0.0694100037
 , , , 3.52519537, 0.0694100037
 , , , 3.53007818, 0.0694100037
 , , , 3.53496099, 0.0694100037
 , , , 3.5398438, 0.0694100037
 , , , 3.54472662, 0.0694100037
 , , , 3.54960943, 0.0694100037
 , , , 3.55449224, 0.0694100037
 , , , 3.55937505, 0.0694100037
 , , , 3.56425787, 0.0694100037
 , , , 3.56914068, 0.0694100037
 , , , 3.57402349, 0.0694100037
 , , , 3.5789063, 0.0694100037
 , , , 3.58378912, 0.0694100037
 , , , 3.58867193, 0.0694100037
 , , , 3.59355474, 0.0694100037
 , , , 3.59843755, 0.0694100037
 , , , 3.60332037, 0.0694100037
 , , , 3.60820318, 0.0694100037
 , , , 3.61308599, 0.0694100037
 , , , 3.6179688, 0.0694100037
 , , , 3.62285162, 0.0694100037
 , , , 3.62773443, 0.0694100037
 , , , 3.63261724, 0.0694100037
 , , , 3.63750005, 0.0694100037
 , , , 3.64238287, 0.0694100037
 , , , 3.64726568, 0.0694100037
 , , , 3.65214849, 0.0694100037
 , , , 3.6570313, 0.0694100037
 , , , 3.66191412, 0.0694100037
 , , , 3.66679693, 0.0694100037
 , , , 3.67167974, 0.0694100037
 , , , 3.67656255, 0.0694100037
 , , , 3.68144537, 0.0694100037
 , , , 3.68632818, 0.0694100037
 , , , 3.69121099, 0.0694100037
 , , , 3.69609381, 0.0694100037
 , , , 3.70097662, 0.0694100037
 , , , 3.70585943, 0.0694100037
 , , , 3.71074224, 0.0694100037
 , , , 3.71562506, 0.0694100037
 , , , 3.72050787, 0.0694100037
 , , , 3.72539068, 0.0694100037
 , , , 3.73027349, 0.0694100037
 , , , 3.73515631, 0.0694100037
 , , , 3.74003912, 0.0694100037
 , , , 3.74492193, 0.0694100037
 , , , 3.74980474, 0.0694100037
 , , , 3.75468756, 0.0694100037
 , , , 3.75957037, 0.0694100037
 , , , 3.76445318, 0.0694100037
 , , , 3.76933599, 0.0694100037
 , , , 3.77421881, 0.0694100037
 , , , 3.77910162, 0.0694100037
 , , , 3.78398443, 0.0694100037
 , , , 3.78886724, 0.0694100037
 , , , 3.79375006, 0.0694100037
 , , , 3.79863287, 0.0694100037
 , , , 3.80351568, 0.0694100037
 , , , 3.80839849, 0.0694100037
 , , , 3.81328131, 0.0694100037
 , , , 3.81816412, 0.0694100037
 , , , 3.82304693, 0.0694100037
 , , , 3.82792974, 0.0694100037
 , , , 3.83281256, 0.0694100037
 , , , 3.83769537, 0.0694100037
 , , , 3.84257818, 0.0694100037
 , , , 3.84746099, 0.0694100037
 , , , 3.85234381, 0.0694100037
 , , , 3.85722662, 0.0694100037
 , , , 3.86210943, 0.0694100037
 , , , 3.86699225, 0.0694100037
 , , , 3.87187506, 0.0694100037
 , , , 3.87675787, 0.0694100037
 , , , 3.88164068, 0.0694100037
 , , , 3.8865235, 0.0694100037
 , , , 3.89140631, 0.0694100037
 , , , 3.89628912, 0.0694100037
 , , , 3.90117193, 0.0694100037
 , , , 3.90605475, 0.0694100037
 , , , 3.91093756, 0.0694100037
 , , , 3.91582037, 0.0694100037
 , , , 3.92070318, 0.0694100037
 , , , 3.925586, 0.0694100037
 , , , 3.93046881, 0.0694100037
 , , , 3.93535162, 0.0694100037
 , , , 3.94023443, 0.0694100037
 , , , 3.94511725, 0.0694100037
 , , , 3.95000006, 0.0694100037
 , , , 3.95488287, 0.0694100037
 , , , 3.95976568, 0.0694100037
 , , , 3.9646485, 0.0694100037
 , , , 3.96953131, 0.0694100037
 , , , 3.97441412, 0.0694100037
 , , , 3.97929693, 0.0694100037
 , , , 3.98417975, 0.0694100037
 , , , 3.98906256, 0.0694100037
 , , , 3.99394537, 0.0694100037
 , , , 3.99882818, 0.0694100037
 , , , 4.003711, 0.0694100037
 , , , 4.00859381, 0.0694100037
 , , , 4.01347662, 0.0694100037
 , , , 4.01835943, 0.0694100037
 , , , 4.02324225, 0.0694100037
 , , , 4.02812506, 0.0694100037
 , , , 4.03300787, 0.0694100037
 , , , 4.03789069, 0.0694100037
 , , , 4.0427735, 0.0694100037
 , , , 4.04765631, 0.0694100037
 , , , 4.05253912, 0.0694100037
 , , , 4.05742194, 0.0694100037
 , , , 4.06230475, 0.0694100037
 , , , 4.06718756, 0.0694100037
 , , , 4.07207037, 0.0694100037
 , , , 4.07695319, 0.0694100037
 , , , 4.081836, 0.0694100037
 , , , 4.08671881, 0.0694100037
 , , , 4.09160162, 0.0694100037
 , , , 4.09648444, 0.0694100037
 , , , 4.10136725, 0.0694100037
 , , , 4.10625006, 0.0694100037
 , , , 4.11113287, 0.0694100037
 , , , 4.11601569, 0.0694100037
 , , , 4.1208985, 0.0694100037
 , , , 4.12578131, 0.0694100037
 , , , 4.13066412, 0.0694100037
 , , , 4.13554694, 0.0694100037
 , , , 4.14042975, 0.0694100037
 , , , 4.14531256, 0.0694100037
 , , , 4.15019537, 0.0694100037
 , , , 4.15507819, 0.0694100037
 , , , 4.159961, 0.0694100037
 , , , 4.16484381, 0.0694100037
 , , , 4.16972662, 0.0694100037
 , , , 4.17460944, 0.0694100037
 , , , 4.17949225, 0.0694100037
 , , , 4.18437506, 0.0694100037
 , , , 4.18925787, 0.0694100037
 , , , 4.19414069, 0.0694100037
 , , , 4.1990235, 0.0694100037
 , , , 4.20390631, 0.0694100037
 , , , 4.20878913, 0.0694100037
 , , , 4.21367194, 0.0694100037
 , , , 4.21855475, 0.0694100037
 , , , 4.22343756, 0.0694100037
 , , , 4.22832038, 0.0694100037
 , , , 4.23320319, 0.0694100037
 , , , 4.238086, 0.0694100037
 , , , 4.24296881, 0.0694100037
 , , , 4.24785163, 0.0694100037
 , , , 4.25273444, 0.0694100037
 , , , 4.25761725, 0.0694100037
 , , , 4.26250006, 0.0694100037
 , , , 4.26738288, 0.0694100037
 , , , 4.27226569, 0.0694100037
 , , , 4.2771485, 0.0694100037
 , , , 4.28203131, 0.0694100037
 , , , 4.28691413, 0.0694100037
 , , , 4.29179694, 0.0694100037
 , , , 4.29667975, 0.0694100037
 , , , 4.30156256, 0.0694100037
 , , , 4.30644538, 0.0694100037
 , , , 4.31132819, 0.0694100037
 , , , 4.316211, 0.0694100037
 , , , 4.32109381, 0.0694100037
 , , , 4.32597663, 0.0694100037
 , , , 4.33085944, 0.0694100037
 , , , 4.33574225, 0.0694100037
 , , , 4.34062506, 0.0694100037
 , , , 4.34550788, 0.0694100037
 , , , 4.35039069, 0.0694100037
 , , , 4.3552735, 0.0694100037
 , , , 4.36015631, 0.0694100037
 , , , 4.36503913, 0.0694100037
 , , , 4.36992194, 0.0694100037
 , , , 4.37480475, 0.0694100037
 , , , 4.37968757, 0.0694100037
 , , , 4.38457038, 0.0694100037
 , , , 4.38945319, 0.0694100037
 , , , 4.394336, 0.0694100037
 , , , 4.39921882, 0.0694100037
 , , , 4.40410163, 0.0694100037
 , , , 4.40898444, 0.0694100037
 , , , 4.41386725, 0.0694100037
 , , , 4.41875007, 0.0694100037
 , , , 4.42363288, 0.0694100037
 , , , 4.42851569, 0.0694100037
 , , , 4.4333985, 0.0694100037
 , , , 4.43828132, 0.0694100037
 , , , 4.44316413, 0.0694100037
 , , , 4.44804694, 0.0694100037
 , , , 4.45292975, 0.0694100037
 , , , 4.45781257, 0.0694100037
 , , , 4.46269538, 0.0694100037
 , , , 4.46757819, 0.0694100037
 , , , 4.472461, 0.0694100037
 , , , 4.47734382, 0.0694100037
 , , , 4.48222663, 0.0694100037
 , , , 4.48710944, 0.0694100037
 , , , 4.49199225, 0.0694100037
 , , , 4.49687507, 0.0694100037
 , , , 4.50175788, 0.0694100037
 , , , 4.50664069, 0.0694100037
 , , , 4.5115235, 0.0694100037
 , , , 4.51640632, 0.0694100037
 , , , 4.52128913, 0.0694100037
 , , , 4.52617194, 0.0694100037
 , , , 4.53105476, 0.0694100037
 , , , 4.53593757, 0.0694100037
 , , , 4.54082038, 0.0694100037
 , , , 4.54570319, 0.0694100037
 , , , 4.55058601, 0.0694100037
 , , , 4.55546882, 0.0694100037
 , , , 4.56035163, 0.0694100037
 , , , 4.56523444, 0.0694100037
 , , , 4.57011726, 0.0694100037
 , , , 4.57500007, 0.0694100037
 , , , 4.57988288, 0.0694100037
 , , , 4.58476569, 0.0694100037
 , , , 4.58964851, 0.0694100037
 , , , 4.59453132, 0.0694100037
 , , , 4.59941413, 0.0694100037
 , , , 4.60429694, 0.0694100037
 , , , 4.60917976, 0.0694100037
 , , , 4.61406257, 0.0694100037
 , , , 4.61894538, 0.0694100037
 , , , 4.62382819, 0.0694100037
 , , , 4.62871101, 0.0694100037
 , , , 4.63359382, 0.0694100037
 , , , 4.63847663, 0.0694100037
 , , , 4.64335944, 0.0694100037
 , , , 4.64824226, 0.0694100037
 , , , 4.65312507, 0.0694100037
 , , , 4.65800788, 0.0694100037
 , , , 4.66289069, 0.0694100037
 , , , 4.66777351, 0.0694100037
 , , , 4.67265632, 0.0694100037
 , , , 4.67753913, 0.0694100037
 , , , 4.68242194, 0.0694100037
 , , , 4.68730476, 0.0694100037
 , , , 4.69218757, 0.0694100037
 , , , 4.69707038, 0.0694100037
 , , , 4.7019532, 0.0694100037
 , , , 4.70683601, 0.0694100037
 , , , 4.71171882, 0.0694100037
 , , , 4.71660163, 0.0694100037
 , , , 4.72148445, 0.0694100037
 , , , 4.72636726, 0.0694100037
 , , , 4.73125007, 0.0694100037
 , , , 4.73613288, 0.0694100037
 , , , 4.7410157, 0.0694100037
 , , , 4.74589851, 0.0694100037
 , , , 4.75078132, 0.0694100037
 , , , 4.75566413, 0.0694100037
 , , , 4.76054695, 0.0694100037
 , , , 4.76542976, 0.0694100037
 , , , 4.77031257, 0.0694100037
 , , , 4.77519538, 0.0694100037
 , , , 4.7800782, 0.0694100037
 , , , 4.78496101, 0.0694100037
 , , , 4.78984382, 0.0694100037
 , , , 4.79472663, 0.0694100037
 , , , 4.79960945, 0.0694100037
 , , , 4.80449226, 0.0694100037
 , , , 4.80937507, 0.0694100037
 , , , 4.81425788, 0.0694100037
 , , , 4.8191407, 0.0694100037
 , , , 4.82402351, 0.0694100037
 , , , 4.82890632, 0.0694100037
 , , , 4.83378913, 0.0694100037
 , , , 4.83867195, 0.0694100037
 , , , 4.84355476, 0.0694100037
 , , , 4.84843757, 0.0694100037
 , , , 4.85332038, 0.0694100037
 , , , 4.8582032, 0.0694100037
 , , , 4.86308601, 0.0694100037
 , , , 4.86796882, 0.0694100037
 , , , 4.87285164, 0.0694100037
 , , , 4.87773445, 0.0694100037
 , , , 4.88261726, 0.0694100037
 , , , 4.88750007, 0.0694100037
 , , , 4.89238289, 0.0694100037
 , , , 4.8972657, 0.0694100037
 , , , 4.90214851, 0.0694100037
 , , , 4.90703132, 0.0694100037
 , , , 4.91191414, 0.0694100037
 , , , 4.91679695, 0.0694100037
 , , , 4.92167976, 0.0694100037
 , , , 4.92656257, 0.0694100037
 , , , 4.93144539, 0.0694100037
 , , , 4.9363282, 0.0694100037
 , , , 4.94121101, 0.0694100037
 , , , 4.94609382, 0.0694100037
 , , , 4.95097664, 0.0694100037
 , , , 4.95585945, 0.0694100037
 , , , 4.96074226, 0.0694100037
 , , , 4.96562507, 0.0694100037
 , , , 4.97050789, 0.0694100037
 , , , 4.9753907, 0.0694100037
 , , , 4.98027351, 0.0694100037
 , , , 4.98515632, 0.0694100037
 , , , 4.99003914, 0.0694100037
 , , , 4.99492195, 0.0694100037
 , , , 4.99980476, 0.0694100037
 , , , 5.00468757, 0.0694100037
 , , , 5.00957039, 0.0694100037
 , , , 5.0144532, 0.0694100037
 , , , 5.01933601, 0.0694100037
 , , , 5.02421882, 0.0694100037
 , , , 5.02910164, 0.0694100037
 , , , 5.03398445, 0.0694100037
 , , , 5.03886726, 0.0694100037
 , , , 5.04375008, 0.0694100037
 , , , 5.04863289, 0.0694100037
 , , , 5.0535157, 0.0694100037
 , , , 5.05839851, 0.0694100037
 , , , 5.06328133, 0.0694100037
 , , , 5.06816414, 0.0694100037
 , , , 5.07304695, 0.0694100037
 , , , 5.07792976, 0.0694100037
 , , , 5.08281258, 0.0694100037
 , , , 5.08769539, 0.0694100037
 , , , 5.0925782, 0.0694100037
 , , , 5.09746101, 0.0694100037
 , , , 5.10234383, 0.0694100037
 , , , 5.10722664, 0.0694100037
 , , , 5.11210945, 0.0694100037
 , , , 5.11699226, 0.0694100037
 , , , 5.12187508, 0.0694100037
 , , , 5.12675789, 0.0694100037
 , , , 5.1316407, 0.0694100037
 , , , 5.13652351, 0.0694100037
 , , , 5.14140633, 0.0694100037
 , , , 5.14628914, 0.0694100037
 , , , 5.15117195, 0.0694100037
 , , , 5.15605476, 0.0694100037
 , , , 5.16093758, 0.0694100037
 , , , 5.16582039, 0.0694100037
 , , , 5.1707032, 0.0694100037
 , , , 5.17558601, 0.0694100037
 , , , 5.18046883, 0.0694100037
 , , , 5.18535164, 0.0694100037
 , , , 5.19023445, 0.0694100037
 , , , 5.19511726, 0.0694100037
 , , , 5.20000008, 0.0694100037
 , , , 5.20488289, 0.0694100037
 , , , 5.2097657, 0.0694100037
 , , , 5.21464852, 0.0694100037
 , , , 5.21953133, 0.0694100037
 , , , 5.22441414, 0.0694100037
 , , , 5.22929695, 0.0694100037
 , , , 5.23417977, 0.0694100037
 , , , 5.23906258, 0.0694100037
 , , , 5.24394539, 0.0694100037
 , , , 5.2488282, 0.0694100037
 , , , 5.25371102, 0.0694100037
 , , , 5.25859383, 0.0694100037
 , , , 5.26347664, 0.0694100037
 , , , 5.26835945, 0.0694100037
 , , , 5.27324227, 0.0694100037
 , , , 5.27812508, 0.0694100037
 , , , 5.28300789, 0.0694100037
 , , , 5.2878907, 0.0694100037
 , , , 5.29277352, 0.0694100037
 , , , 5.29765633, 0.0694100037
 , , , 5.30253914, 0.0694100037
 , , , 5.30742195, 0.0694100037
 , , , 5.31230477, 0.0694100037
 , , , 5.31718758, 0.0694100037
 , , , 5.32207039, 0.0694100037
 , , , 5.3269532, 0.0694100037
 , , , 5.33183602, 0.0694100037
 , , , 5.33671883, 0.0694100037
 , , , 5.34160164, 0.0694100037
 , , , 5.34648445, 0.0694100037
 , , , 5.35136727, 0.0694100037
 , , , 5.35625008, 0.0694100037
 , , , 5.36113289, 0.0694100037
 , , , 5.3660157, 0.0694100037
 , , , 5.37089852, 0.0694100037
 , , , 5.37578133, 0.0694100037
 , , , 5.38066414, 0.0694100037
 , , , 5.38554696, 0.0694100037
 , , , 5.39042977, 0.0694100037
 , , , 5.39531258, 0.0694100037
 , , , 5.40019539, 0.0694100037
 , , , 5.40507821, 0.0694100037
 , , , 5.40996102, 0.0694100037
 , , , 5.41484383, 0.0694100037
 , , , 5.41972664, 0.0694100037
 , , , 5.42460946, 0.0694100037
 , , , 5.42949227, 0.0694100037
 , , , 5.43437508, 0.0694100037
 , , , 5.43925789, 0.0694100037
 , , , 5.44414071, 0.0694100037
 , , , 5.44902352, 0.0694100037
 , , , 5.45390633, 0.0694100037
 , , , 5.45878914, 0.0694100037
 , , , 5.46367196, 0.0694100037
 , , , 5.46855477, 0.0694100037
 , , , 5.47343758, 0.0694100037
 , , , 5.47832039, 0.0694100037
 , , , 5.48320321, 0.0694100037
 , , , 5.48808602, 0.0694100037
 , , , 5.49296883, 0.0694100037
 , , , 5.49785164, 0.0694100037
 , , , 5.50273446, 0.0694100037
 , , , 5.50761727, 0.0694100037
 , , , 5.51250008, 0.0694100037
 , , , 5.51738289, 0.0694100037
 , , , 5.52226571, 0.0694100037
 , , , 5.52714852, 0.0694100037
 , , , 5.53203133, 0.0694100037
 , , , 5.53691415, 0.0694100037
 , , , 5.54179696, 0.0694100037
 , , , 5.54667977, 0.0694100037
 , , , 5.55156258, 0.0694100037
 , , , 5.5564454, 0.0694100037
 , , , 5.56132821, 0.0694100037
 , , , 5.56621102, 0.0694100037
 , , , 5.57109383, 0.0694100037
 , , , 5.57597665, 0.0694100037
 , , , 5.58085946, 0.0694100037
 , , , 5.58574227, 0.0694100037
 , , , 5.59062508, 0.0694100037
 , , , 5.5955079, 0.0694100037
 , , , 5.60039071, 0.0694100037
 , , , 5.60527352, 0.0694100037
 , , , 5.61015633, 0.0694100037
 , , , 5.61503915, 0.0694100037
 , , , 5.61992196, 0.0694100037
 , , , 5.62480477, 0.0694100037
 , , , 5.62968758, 0.0694100037
 , , , 5.6345704, 0.0694100037
 , , , 5.63945321, 0.0694100037
 , , , 5.64433602, 0.0694100037
 , , , 5.64921883, 0.0694100037
 , , , 5.65410165, 0.0694100037
 , , , 5.65898446, 0.0694100037
 , , , 5.66386727, 0.0694100037
 , , , 5.66875008, 0.0694100037
 , , , 5.6736329, 0.0694100037
 , , , 5.67851571, 0.0694100037
 , , , 5.68339852, 0.0694100037
 , , , 5.68828133, 0.0694100037
 , , , 5.69316415, 0.0694100037
 , , , 5.69804696, 0.0694100037
 , , , 5.70292977, 0.0694100037
 , , , 5.70781259, 0.0694100037
 , , , 5.7126954, 0.0694100037
 , , , 5.71757821, 0.0694100037
 , , , 5.72246102, 0.0694100037
 , , , 5.72734384, 0.0694100037
 , , , 5.73222665, 0.0694100037
 , , , 5.73710946, 0.0694100037
 , , , 5.74199227, 0.0694100037
 , , , 5.74687509, 0.0694100037
 , , , 5.7517579, 0.0694100037
 , , , 5.75664071, 0.0694100037
 , , , 5.76152352, 0.0694100037
 , , , 5.76640634, 0.0694100037
 , , , 5.77128915, 0.0694100037
 , , , 5.77617196, 0.0694100037
 , , , 5.78105477, 0.0694100037
 , , , 5.78593759, 0.0694100037
 , , , 5.7908204, 0.0694100037
 , , , 5.79570321, 0.0694100037
 , , , 5.80058602, 0.0694100037
 , , , 5.80546884, 0.0694100037
 , , , 5.81035165, 0.0694100037
 , , , 5.81523446, 0.0694100037
 , , , 5.82011727, 0.0694100037
 , , , 5.82500009, 0.0694100037
 , , , 5.8298829, 0.0694100037
 , , , 5.83476571, 0.0694100037
 , , , 5.83964852, 0.0694100037
 , , , 5.84453134, 0.0694100037
 , , , 5.84941415, 0.0694100037
 , , , 5.85429696, 0.0694100037
 , , , 5.85917977, 0.0694100037
 , , , 5.86406259, 0.0694100037
 , , , 5.8689454, 0.0694100037
 , , , 5.87382821, 0.0694100037
 , , , 5.87871103, 0.0694100037
 , , , 5.88359384, 0.0694100037
 , , , 5.88847665, 0.0694100037
 , , , 5.89335946, 0.0694100037
 , , , 5.89824228, 0.0694100037
 , , , 5.90312509, 0.0694100037
 , , , 5.9080079, 0.0694100037
 , , , 5.91289071, 0.0694100037
 , , , 5.91777353, 0.0694100037
 , , , 5.92265634, 0.0694100037
 , , , 5.92753915, 0.0694100037
 , , , 5.93242196, 0.0694100037
 , , , 5.93730478, 0.0694100037
 , , , 5.94218759, 0.0694100037
 , , , 5.9470704, 0.0694100037
 , , , 5.95195321, 0.0694100037
 , , , 5.95683603, 0.0694100037
 , , , 5.96171884, 0.0694100037
 , , , 5.96660165, 0.0694100037
 , , , 5.97148446, 0.0694100037
 , , , 5.97636728, 0.0694100037
 , , , 5.98125009, 0.0694100037
 , , , 5.9861329, 0.0694100037
 , , , 5.99101571, 0.0694100037
 , , , 5.99589853, 0.0694100037
 , , , 6.00078134, 0.0694100037
 , , , 6.00566415, 0.0694100037
 , , , 6.01054696, 0.0694100037
 , , , 6.01542978, 0.0694100037
 , , , 6.02031259, 0.0694100037
 , , , 6.0251954, 0.0694100037
 , , , 6.03007821, 0.0694100037
 , , , 6.03496103, 0.0694100037
 , , , 6.03984384, 0.0694100037
 , , , 6.04472665, 0.0694100037
 , , , 6.04960947, 0.0694100037
 , , , 6.05449228, 0.0694100037
 , , , 6.05937509, 0.0694100037
 , , , 6.0642579, 0.0694100037
 , , , 6.06914072, 0.0694100037
 , , , 6.07402353, 0.0694100037
 , , , 6.07890634, 0.0694100037
 , , , 6.08378915, 0.0694100037
 , , , 6.08867197, 0.0694100037
 , , , 6.09355478, 0.0694100037
 , , , 6.09843759, 0.0694100037
 , , , 6.1033204, 0.0694100037
 , , , 6.10820322, 0.0694100037
 , , , 6.11308603, 0.0694100037
 , , , 6.11796884, 0.0694100037
 , , , 6.12285165, 0.0694100037
 , , , 6.12773447, 0.0694100037
 , , , 6.13261728, 0.0694100037
 , , , 6.13750009, 0.0694100037
 , , , 6.1423829, 0.0694100037
 , , , 6.14726572, 0.0694100037
 , , , 6.15214853, 0.0694100037
 , , , 6.15703134, 0.0694100037
 , , , 6.16191415, 0.0694100037
 , , , 6.16679697, 0.0694100037
 , , , 6.17167978, 0.0694100037
 , , , 6.17656259, 0.0694100037
 , , , 6.1814454, 0.0694100037
 , , , 6.18632822, 0.0694100037
 , , , 6.19121103, 0.0694100037
 , , , 6.19609384, 0.0694100037
 , , , 6.20097665, 0.0694100037
 , , , 6.20585947, 0.0694100037
 , , , 6.21074228, 0.0694100037
 , , , 6.21562509, 0.0694100037
 , , , 6.22050791, 0.0694100037
 , , , 6.22539072, 0.0694100037
 , , , 6.23027353, 0.0694100037
 , , , 6.23515634, 0.0694100037
 , , , 6.24003916, 0.0694100037
 , , , 6.24492197, 0.0694100037
 , , , 6.24980478, 0.0694100037
 , , , 6.25468759, 0.0694100037
 , , , 6.25957041, 0.0694100037
 , , , 6.26445322, 0.0694100037
 , , , 6.26933603, 0.0694100037
 , , , 6.27421884, 0.0694100037
 , , , 6.27910166, 0.0694100037
 , , , 6.28398447, 0.0694100037
 , , , 6.28886728, 0.0694100037
 , , , 6.29375009, 0.0694100037
 , , , 6.29863291, 0.0694100037
 , , , 6.30351572, 0.0694100037
 , , , 6.30839853, 0.0694100037
 , , , 6.31328134, 0.0694100037
 , , , 6.31816416, 0.0694100037
 , , , 6.32304697, 0.0694100037
 , , , 6.32792978, 0.0694100037
 , , , 6.33281259, 0.0694100037
 , , , 6.33769541, 0.0694100037
 , , , 6.34257822, 0.0694100037
 , , , 6.34746103, 0.0694100037
 , , , 6.35234384, 0.0694100037
 , , , 6.35722666, 0.0694100037
 , , , 6.36210947, 0.0694100037
 , , , 6.36699228, 0.0694100037
 , , , 6.37187509, 0.0694100037
 , , , 6.37675791, 0.0694100037
 , , , 6.38164072, 0.0694100037
 , , , 6.38652353, 0.0694100037
 , , , 6.39140635, 0.0694100037
 , , , 6.39628916, 0.0694100037
 , , , 6.40117197, 0.0694100037
 , , , 6.40605478, 0.0694100037
 , , , 6.4109376, 0.0694100037
 , , , 6.41582041, 0.0694100037
 , , , 6.42070322, 0.0694100037
 , , , 6.42558603, 0.0694100037
 , , , 6.43046885, 0.0694100037
 , , , 6.43535166, 0.0694100037
 , , , 6.44023447, 0.0694100037
 , , , 6.44511728, 0.0694100037
 , , , 6.4500001, 0.0694100037
 , , , 6.45488291, 0.0694100037
 , , , 6.45976572, 0.0694100037
 , , , 6.46464853, 0.0694100037
 , , , 6.46953135, 0.0694100037
 , , , 6.47441416, 0.0694100037
 , , , 6.47929697, 0.0694100037
 , , , 6.48417978, 0.0694100037
 , , , 6.4890626, 0.0694100037
 , , , 6.49394541, 0.0694100037
 , , , 6.49882822, 0.0694100037
 , , , 6.50371103, 0.0694100037
 , , , 6.50859385, 0.0694100037
 , , , 6.51347666, 0.0694100037
 , , , 6.51835947, 0.0694100037
 , , , 6.52324228, 0.0694100037
 , , , 6.5281251, 0.0694100037
 , , , 6.53300791, 0.0694100037
 , , , 6.53789072, 0.0694100037
 , , , 6.54277353, 0.0694100037
 , , , 6.54765635, 0.0694100037
 , , , 6.55253916, 0.0694100037
 , , , 6.55742197, 0.0694100037
 , , , 6.56230479, 0.0694100037
 , , , 6.5671876, 0.0694100037
 , , , 6.57207041, 0.0694100037
 , , , 6.57695322, 0.0694100037
 , , , 6.58183604, 0.0694100037
 , , , 6.58671885, 0.0694100037
 , , , 6.59160166, 0.0694100037
 , , , 6.59648447, 0.0694100037
 , , , 6.60136729, 0.0694100037
 , , , 6.6062501, 0.0694100037
 , , , 6.61113291, 0.0694100037
 , , , 6.61601572, 0.0694100037
 , , , 6.62089854, 0.0694100037
 , , , 6.62578135, 0.0694100037
 , , , 6.63066416, 0.0694100037
 , , , 6.63554697, 0.0694100037
 , , , 6.64042979, 0.0694100037
 , , , 6.6453126, 0.0694100037
 , , , 6.65019541, 0.0694100037
 , , , 6.65507822, 0.0694100037
 , , , 6.65996104, 0.0694100037
 , , , 6.66484385, 0.0694100037
 , , , 6.66972666, 0.0694100037
 , , , 6.67460947, 0.0694100037
 , , , 6.67949229, 0.0694100037
 , , , 6.6843751, 0.0694100037
 , , , 6.68925791, 0.0694100037
 , , , 6.69414072, 0.0694100037
 , , , 6.69902354, 0.0694100037
 , , , 6.70390635, 0.0694100037
 , , , 6.70878916, 0.0694100037
 , , , 6.71367198, 0.0694100037
 , , , 6.71855479, 0.0694100037
 , , , 6.7234376, 0.0694100037
 , , , 6.72832041, 0.0694100037
 , , , 6.73320323, 0.0694100037
 , , , 6.73808604, 0.0694100037
 , , , 6.74296885, 0.0694100037
 , , , 6.74785166, 0.0694100037
 , , , 6.75273448, 0.0694100037
 , , , 6.75761729, 0.0694100037
 , , , 6.7625001, 0.0694100037
 , , , 6.76738291, 0.0694100037
 , , , 6.77226573, 0.0694100037
 , , , 6.77714854, 0.0694100037
 , , , 6.78203135, 0.0694100037
 , , , 6.78691416, 0.0694100037
 , , , 6.79179698, 0.0694100037
 , , , 6.79667979, 0.0694100037
 , , , 6.8015626, 0.0694100037
 , , , 6.80644541, 0.0694100037
 , , , 6.81132823, 0.0694100037
 , , , 6.81621104, 0.0694100037
 , , , 6.82109385, 0.0694100037
 , , , 6.82597666, 0.0694100037
 , , , 6.83085948, 0.0694100037
 , , , 6.83574229, 0.0694100037
 , , , 6.8406251, 0.0694100037
 , , , 6.84550791, 0.0694100037
 , , , 6.85039073, 0.0694100037
 , , , 6.85527354, 0.0694100037
 , , , 6.86015635, 0.0694100037
 , , , 6.86503916, 0.0694100037
 , , , 6.86992198, 0.0694100037
 , , , 6.87480479, 0.0694100037
 , , , 6.8796876, 0.0694100037
 , , , 6.88457042, 0.0694100037
 , , , 6.88945323, 0.0694100037
 , , , 6.89433604, 0.0694100037
 , , , 6.89921885, 0.0694100037
 , , , 6.90410167, 0.0694100037
 , , , 6.90898448, 0.0694100037
 , , , 6.91386729, 0.0694100037
 , , , 6.9187501, 0.0694100037
 , , , 6.92363292, 0.0694100037
 , , , 6.92851573, 0.0694100037
 , , , 6.93339854, 0.0694100037
 , , , 6.93828135, 0.0694100037
 , , , 6.94316417, 0.0694100037
 , , , 6.94804698, 0.0694100037
 , , , 6.95292979, 0.0694100037
 , , , 6.9578126, 0.0694100037
 , , , 6.96269542, 0.0694100037
 , , , 6.96757823, 0.0694100037
 , , , 6.97246104, 0.0694100037
 , , , 6.97734385, 0.0694100037
 , , , 6.98222667, 0.0694100037
 , , , 6.98710948, 0.0694100037
 , , , 6.99199229, 0.0694100037
 , , , 6.9968751, 0.0694100037
 , , , 7.00175792, 0.0694100037
 , , , 7.00664073, 0.0694100037
 , , , 7.01152354, 0.0694100037
 , , , 7.01640635, 0.0694100037
 , , , 7.02128917, 0.0694100037
 , , , 7.02617198, 0.0694100037
 , , , 7.03105479, 0.0694100037
 , , , 7.0359376, 0.0694100037
 , , , 7.04082042, 0.0694100037
 , , , 7.04570323, 0.0694100037
 , , , 7.05058604, 0.0694100037
 , , , 7.05546886, 0.0694100037
 , , , 7.06035167, 0.0694100037
 , , , 7.06523448, 0.0694100037
 , , , 7.07011729, 0.0694100037
 , , , 7.07500011, 0.0694100037
 , , , 7.07988292, 0.0694100037
 , , , 7.08476573, 0.0694100037
 , , , 7.08964854, 0.0694100037
 , , , 7.09453136, 0.0694100037
 , , , 7.09941417, 0.0694100037
 , , , 7.10429698, 0.0694100037
 , , , 7.10917979, 0.0694100037
 , , , 7.11406261, 0.0694100037
 , , , 7.11894542, 0.0694100037
 , , , 7.12382823, 0.0694100037
 , , , 7.12871104, 0.0694100037
 , , , 7.13359386, 0.0694100037
 , , , 7.13847667, 0.0694100037
 , , , 7.14335948, 0.0694100037
 , , , 7.14824229, 0.0694100037
 , , , 7.15312511, 0.0694100037
 , , , 7.15800792, 0.0694100037
 , , , 7.16289073, 0.0694100037
 , , , 7.16777354, 0.0694100037
 , , , 7.17265636, 0.0694100037
 , , , 7.17753917, 0.0694100037
 , , , 7.18242198, 0.0694100037
 , , , 7.18730479, 0.0694100037
 , , , 7.19218761, 0.0694100037
 , , , 7.19707042, 0.0694100037
 , , , 7.20195323, 0.0694100037
 , , , 7.20683604, 0.0694100037
 , , , 7.21171886, 0.0694100037
 , , , 7.21660167, 0.0694100037
 , , , 7.22148448, 0.0694100037
 , , , 7.2263673, 0.0694100037
 , , , 7.23125011, 0.0694100037
 , , , 7.23613292, 0.0694100037
 , , , 7.24101573, 0.0694100037
 , , , 7.24589855, 0.0694100037
 , , , 7.25078136, 0.0694100037
 , , , 7.25566417, 0.0694100037
 , , , 7.26054698, 0.0694100037
 , , , 7.2654298, 0.0694100037
 , , , 7.27031261, 0.0694100037
 , , , 7.27519542, 0.0694100037
 , , , 7.28007823, 0.0694100037
 , , , 7.28496105, 0.0694100037
 , , , 7.28984386, 0.0694100037
 , , , 7.29472667, 0.0694100037
 , , , 7.29960948, 0.0694100037
 , , , 7.3044923, 0.0694100037
 , , , 7.30937511, 0.0694100037
 , , , 7.31425792, 0.0694100037
 , , , 7.31914073, 0.0694100037
 , , , 7.32402355, 0.0694100037
 , , , 7.32890636, 0.0694100037
 , , , 7.33378917, 0.0694100037
 , , , 7.33867198, 0.0694100037
 , , , 7.3435548, 0.0694100037
 , , , 7.34843761, 0.0694100037
 , , , 7.35332042, 0.0694100037
 , , , 7.35820323, 0.0694100037
 , , , 7.36308605, 0.0694100037
 , , , 7.36796886, 0.0694100037
 , , , 7.37285167, 0.0694100037
 , , , 7.37773448, 0.0694100037
 , , , 7.3826173, 0.0694100037
 , , , 7.38750011, 0.0694100037
 , , , 7.39238292, 0.0694100037
 , , , 7.39726574, 0.0694100037
 , , , 7.40214855, 0.0694100037
 , , , 7.40703136, 0.0694100037
 , , , 7.41191417, 0.0694100037
 , , , 7.41679699, 0.0694100037
 , , , 7.4216798, 0.0694100037
 , , , 7.42656261, 0.0694100037
 , , , 7.43144542, 0.0694100037
 , , , 7.43632824, 0.0694100037
 , , , 7.44121105, 0.0694100037
 , , , 7.44609386, 0.0694100037
 , , , 7.45097667, 0.0694100037
 , , , 7.45585949, 0.0694100037
 , , , 7.4607423, 0.0694100037
 , , , 7.46562511, 0.0694100037
 , , , 7.47050792, 0.0694100037
 , , , 7.47539074, 0.0694100037
 , , , 7.48027355, 0.0694100037
 , , , 7.48515636, 0.0694100037
 , , , 7.49003917, 0.0694100037
 , , , 7.49492199, 0.0694100037
 , , , 7.4998048, 0.0694100037
 , , , 7.50468761, 0.0694100037
 , , , 7.50957042, 0.0694100037
 , , , 7.51445324, 0.0694100037
 , , , 7.51933605, 0.0694100037
 , , , 7.52421886, 0.0694100037
 , , , 7.52910167, 0.0694100037
 , , , 7.53398449, 0.0694100037
 , , , 7.5388673, 0.0694100037
 , , , 7.54375011, 0.0694100037
 , , , 7.54863292, 0.0694100037
 , , , 7.55351574, 0.0694100037
 , , , 7.55839855, 0.0694100037
 , , , 7.56328136, 0.0694100037
 , , , 7.56816418, 0.0694100037
 , , , 7.57304699, 0.0694100037
 , , , 7.5779298, 0.0694100037
 , , , 7.58281261, 0.0694100037
 , , , 7.58769543, 0.0694100037
 , , , 7.59257824, 0.0694100037
 , , , 7.59746105, 0.0694100037
 , , , 7.60234386, 0.0694100037
 , , , 7.60722668, 0.0694100037
 , , , 7.61210949, 0.0694100037
 , , , 7.6169923, 0.0694100037
 , , , 7.62187511, 0.0694100037
 , , , 7.62675793, 0.0694100037
 , , , 7.63164074, 0.0694100037
 , , , 7.63652355, 0.0694100037
 , , , 7.64140636, 0.0694100037
 , , , 7.64628918, 0.0694100037
 , , , 7.65117199, 0.0694100037
 , , , 7.6560548, 0.0694100037
 , , , 7.66093761, 0.0694100037
 , , , 7.66582043, 0.0694100037
 , , , 7.67070324, 0.0694100037
 , , , 7.67558605, 0.0694100037
 , , , 7.68046886, 0.0694100037
 , , , 7.68535168, 0.0694100037
 , , , 7.69023449, 0.0694100037
 , , , 7.6951173, 0.0694100037
 , , , 7.70000011, 0.0694100037
 , , , 7.70488293, 0.0694100037
 , , , 7.70976574, 0.0694100037
 , , , 7.71464855, 0.0694100037
 , , , 7.71953137, 0.0694100037
 , , , 7.72441418, 0.0694100037
 , , , 7.72929699, 0.0694100037
 , , , 7.7341798, 0.0694100037
 , , , 7.73906262, 0.0694100037
 , , , 7.74394543, 0.0694100037
 , , , 7.74882824, 0.0694100037
 , , , 7.75371105, 0.0694100037
 , , , 7.75859387, 0.0694100037
 , , , 7.76347668, 0.0694100037
 , , , 7.76835949, 0.0694100037
 , , , 7.7732423, 0.0694100037
 , , , 7.77812512, 0.0694100037
 , , , 7.78300793, 0.0694100037
 , , , 7.78789074, 0.0694100037
 , , , 7.79277355, 0.0694100037
 , , , 7.79765637, 0.0694100037
 , , , 7.80253918, 0.0694100037
 , , , 7.80742199, 0.0694100037
 , , , 7.8123048, 0.0694100037
 , , , 7.81718762, 0.0694100037
 , , , 7.82207043, 0.0694100037
 , , , 7.82695324, 0.0694100037
 , , , 7.83183605, 0.0694100037
 , , , 7.83671887, 0.0694100037
 , , , 7.84160168, 0.0694100037
 , , , 7.84648449, 0.0694100037
 , , , 7.8513673, 0.0694100037
 , , , 7.85625012, 0.0694100037
 , , , 7.86113293, 0.0694100037
 , , , 7.86601574, 0.0694100037
 , , , 7.87089855, 0.0694100037
 , , , 7.87578137, 0.0694100037
 , , , 7.88066418, 0.0694100037
 , , , 7.88554699, 0.0694100037
 , , , 7.89042981, 0.0694100037
 , , , 7.89531262, 0.0694100037
 , , , 7.90019543, 0.0694100037
 , , , 7.90507824, 0.0694100037
 , , , 7.90996106, 0.0694100037
 , , , 7.91484387, 0.0694100037
 , , , 7.91972668, 0.0694100037
 , , , 7.92460949, 0.0694100037
 , , , 7.92949231, 0.0694100037
 , , , 7.93437512, 0.0694100037
 , , , 7.93925793, 0.0694100037
 , , , 7.94414074, 0.0694100037
 , , , 7.94902356, 0.0694100037
 , , , 7.95390637, 0.0694100037
 , , , 7.95878918, 0.0694100037
 , , , 7.96367199, 0.0694100037
 , , , 7.96855481, 0.0694100037
 , , , 7.97343762, 0.0694100037
