xData0, data0, errData0, xTheory0, theory0
0.0034375, 0.822656035, 0.000612536237, 0.001875, 0.186079904
0.0159375, 0.172434524, 0.00263379595, 0.0034375, 0.18548429
0.0284375, 0.167435691, 0.00264488408, 0.005, 0.184840322
0.0409375, 0.159996286, 0.0026561944, 0.0065625, 0.184148595
0.0534375, 0.140978739, 0.00268992023, 0.008125, 0.183409736
0.0659375, 0.12867637, 0.00270345094, 0.0096875, 0.18262434
0.0784375, 0.112485081, 0.00271648573, 0.01125, 0.181793064
0.0909375, 0.0963749662, 0.00272590979, 0.0128125, 0.180916563
0.1034375, 0.0863433704, 0.00272431071, 0.014375, 0.179995477
0.1159375, 0.0688343793, 0.00274675267, 0.0159375, 0.179030508
0.1284375, 0.0420928299, 0.00275511466, 0.0175, 0.178022325
0.1409375, 0.0327225775, 0.00276544137, 0.0190625, 0.176971644
0.1534375, 0.0161165949, 0.00277295632, 0.020625, 0.175879151
0.1659375, 0.00454737153, 0.00278186871, 0.0221875, 0.174745604
0.1784375, -0.00494868681, 0.00278759048, 0.02375, 0.173571691
0.1909375, -0.0166785549, 0.00279545684, 0.0253125, 0.1723582
0.2034375, -0.0256305691, 0.002801019, 0.026875, 0.171105847
0.2159375, -0.0380601101, 0.002806164, 0.0284375, 0.169815406
0.2284375, -0.0398868732, 0.00281666013, 0.03, 0.168487668
0.2409375, -0.03463291, 0.00282141016, 0.0315625, 0.167123377
0.2534375, -0.0379622094, 0.00284165314, 0.033125, 0.165723354
0.2659375, -0.0344225802, 0.00284411513, 0.0346875, 0.164288387
0.2784375, -0.0326461606, 0.00285417367, 0.03625, 0.162819266
0.2909375, -0.024409689, 0.00285971932, 0.0378125, 0.161316812
0.3034375, -0.0188143682, 0.00287909577, 0.039375, 0.159781858
0.3159375, -0.0143211009, 0.00288575338, 0.0409375, 0.15821521
0.3284375, -0.00128693681, 0.00288789665, 0.0425, 0.156617701
0.3409375, 0.0107580861, 0.00289217329, 0.0440625, 0.154990181
0.3534375, 0.0194412284, 0.00289909655, 0.045625, 0.153333485
0.3659375, 0.0299461465, 0.00290901326, 0.0471875, 0.151648462
0.3784375, 0.0397347882, 0.00292723983, 0.04875, 0.149935961
0.3909375, 0.0485398844, 0.00292119874, 0.0503125, 0.148196861
0.4034375, 0.060020525, 0.00292803606, 0.051875, 0.146431983
0.4159375, 0.0583519563, 0.00294724374, 0.0534375, 0.144642234
0.4284375, 0.0712306872, 0.00295113882, 0.055, 0.142828465
0.4409375, 0.0746564716, 0.00295804888, 0.0565625, 0.140991539
0.4534375, 0.0820573568, 0.00295993897, 0.058125, 0.139132351
0.4659375, 0.0881009921, 0.00296382871, 0.0596875, 0.13725175
0.4784375, 0.0904618278, 0.00298032458, 0.06125, 0.13535063
0.4909375, 0.0857043937, 0.00298929763, 0.0628125, 0.133429885
0.5034375, 0.0846267492, 0.0030025089, 0.064375, 0.13149038
0.5159375, 0.0783097371, 0.00300605106, 0.0659375, 0.129532993
0.5284375, 0.0812317505, 0.00301225047, 0.0675, 0.127558604
0.5409375, 0.0752526149, 0.00302893443, 0.0690625, 0.125568122
0.5534375, 0.0690158531, 0.00303888886, 0.070625, 0.123562396
0.5659375, 0.0689186081, 0.00304343846, 0.0721875, 0.121542335
0.5784375, 0.0647084042, 0.00305249129, 0.07375, 0.119508803
0.5909375, 0.0577192791, 0.00306308656, 0.0753125, 0.117462687
0.6034375, 0.0479344167, 0.00308466576, 0.076875, 0.115404867
0.6159375, 0.0440333225, 0.0030874063, 0.0784375, 0.113336213
0.6284375, 0.0364259593, 0.00309092319, 0.08, 0.111257605
0.6409375, 0.040592134, 0.00309712881, 0.0815625, 0.109169915
0.6534375, 0.0352339074, 0.00310893535, 0.083125, 0.107074007
0.6659375, 0.0263274331, 0.00311554084, 0.0846875, 0.104970753
0.6784375, 0.0228575747, 0.00313581413, 0.08625, 0.102861017
0.6909375, 0.0224783998, 0.0031433462, 0.0878125, 0.100745648
0.7034375, 0.0164221525, 0.00314339764, 0.089375, 0.0986255035
0.7159375, 0.0137352198, 0.00315461984, 0.0909375, 0.0965014398
0.7284375, 0.0174219832, 0.0031666872, 0.0925, 0.094374299
0.7409375, 0.0225688536, 0.00317468008, 0.0940625, 0.0922449157
0.7534375, 0.0195482261, 0.00318768032, 0.095625, 0.090114139
0.7659375, 0.0238403697, 0.00318919638, 0.0971875, 0.0879827887
0.7784375, 0.026017366, 0.00320294085, 0.09875, 0.0858516917
0.7909375, 0.0202994756, 0.00321628868, 0.1003125, 0.0837216601
0.8034375, 0.0270722415, 0.00322823159, 0.101875, 0.0815935209
0.8159375, 0.030586103, 0.00323399563, 0.1034375, 0.079468064
0.8284375, 0.0324320644, 0.00324320471, 0.105, 0.077346094
0.8409375, 0.03289162, 0.00325559034, 0.1065625, 0.0752284005
0.8534375, 0.0403096899, 0.00326588847, 0.108125, 0.073115766
0.8659375, 0.0401935019, 0.00327559081, 0.1096875, 0.0710089654
0.8784375, 0.0381887518, 0.00328405665, 0.11125, 0.0689087734
0.8909375, 0.0390821807, 0.00329261099, 0.1128125, 0.0668159425
0.9034375, 0.0444037989, 0.00329654115, 0.114375, 0.0647312328
0.9159375, 0.047377035, 0.00329801392, 0.1159375, 0.0626553819
0.9284375, 0.0461405814, 0.00331516048, 0.1175, 0.0605891198
0.9409375, 0.0483643673, 0.00332938931, 0.1190625, 0.0585331768
0.9534375, 0.0443199985, 0.00334419527, 0.120625, 0.0564882644
0.9659375, 0.0561897121, 0.0033381792, 0.1221875, 0.0544550978
0.9784375, 0.045684047, 0.00335933816, 0.12375, 0.0524343625
0.9909375, 0.0487091094, 0.00336112471, 0.1253125, 0.0504267551
1.0034375, 0.0431278236, 0.00337181079, 0.126875, 0.0484329462
1.0159375, 0.0477181152, 0.00339146748, 0.1284375, 0.0464536026
1.0284375, 0.0439410731, 0.00340087131, 0.13, 0.0444893837
1.0409375, 0.0412045419, 0.00340462537, 0.1315625, 0.0425409339
1.0534375, 0.0463535674, 0.00340689086, 0.133125, 0.0406088829
1.0659375, 0.0394057855, 0.00342382041, 0.1346875, 0.0386938639
1.0784375, 0.0437664986, 0.00342458734, 0.13625, 0.0367964804
1.0909375, 0.039663963, 0.00342136688, 0.1378125, 0.034917336
1.1034375, 0.0384004451, 0.00345202905, 0.139375, 0.0330570266
1.1159375, 0.0352314338, 0.00346965907, 0.1409375, 0.0312161203
1.1284375, 0.0343776345, 0.00346295519, 0.1425, 0.0293951929
1.1409375, 0.0363194756, 0.00347859664, 0.1440625, 0.0275947936
1.1534375, 0.0320645683, 0.00349309318, 0.145625, 0.0258154664
1.1659375, 0.0302602388, 0.00350132193, 0.1471875, 0.0240577441
1.1784375, 0.0340615809, 0.0035138302, 0.14875, 0.0223221425
1.1909375, 0.0358032733, 0.00352706424, 0.1503125, 0.0206091683
1.2034375, 0.0325185545, 0.00353717534, 0.151875, 0.0189193171
1.2159375, 0.0330421403, 0.00354012344, 0.1534375, 0.0172530673
1.2284375, 0.0335473381, 0.00354671528, 0.155, 0.0156108895
1.2409375, 0.0327947624, 0.00356008172, 0.1565625, 0.013993239
1.2534375, 0.0319702998, 0.00357208046, 0.158125, 0.0124005582
1.2659375, 0.0337553062, 0.00359952923, 0.1596875, 0.0108332783
1.2784375, 0.0281391405, 0.00359998437, 0.16125, 0.00929181557
1.2909375, 0.0287925452, 0.00361778769, 0.1628125, 0.00777657423
1.3034375, 0.0301733613, 0.00362328311, 0.164375, 0.00628794637
1.3159375, 0.0362830646, 0.003623112, 0.1659375, 0.00482630869
1.3284375, 0.0331671201, 0.00363219758, 0.1675, 0.00339202723
1.3409375, 0.0350862294, 0.00365397249, 0.1690625, 0.00198545284
1.3534375, 0.0380553678, 0.00364898677, 0.170625, 0.00060692383
1.3659375, 0.0341861509, 0.00367014629, 0.1721875, -0.000743234588
1.3784375, 0.0380467176, 0.00367439269, 0.17375, -0.00206471095
1.3909375, 0.0363204964, 0.00369280686, 0.1753125, -0.0033572067
1.4034375, 0.0335500203, 0.00369086852, 0.176875, -0.00462043704
1.4159375, 0.0338353589, 0.00372402369, 0.1784375, -0.00585413072
1.4284375, 0.038766183, 0.00373480073, 0.18, -0.00705802953
1.4409375, 0.0363556705, 0.00373767424, 0.1815625, -0.00823188853
1.4534375, 0.0374191217, 0.00373961286, 0.183125, -0.00937547628
1.4659375, 0.0328497365, 0.00376101124, 0.1846875, -0.0104885744
1.4784375, 0.0350972489, 0.00377420019, 0.18625, -0.0115709798
1.4909375, 0.0392474607, 0.00377105811, 0.1878125, -0.0126224998
1.5034375, 0.0403655022, 0.00378082463, 0.189375, -0.0136429574
1.5159375, 0.0344009921, 0.00379344168, 0.1909375, -0.0146321878
1.5284375, 0.0339196138, 0.00380434793, 0.1925, -0.0155900391
1.5409375, 0.0359174162, 0.00383064535, 0.1940625, -0.0165163744
1.5534375, 0.0332548134, 0.00384129629, 0.195625, -0.0174110681
1.5659375, 0.0433436185, 0.00383702354, 0.1971875, -0.0182740074
1.5784375, 0.0361851677, 0.0038479691, 0.19875, -0.0191050973
1.5909375, 0.0345538929, 0.00386336387, 0.2003125, -0.0199042484
1.6034375, 0.0390213132, 0.00387206911, 0.201875, -0.0206713881
1.6159375, 0.0337346308, 0.00389072376, 0.2034375, -0.0214064587
1.6284375, 0.0361130647, 0.0039041544, 0.205, -0.0221094135
1.6409375, 0.0405059159, 0.00391681783, 0.2065625, -0.0227802172
1.6534375, 0.0295608062, 0.00391913627, 0.208125, -0.0234188493
1.6659375, 0.034959279, 0.00392784482, 0.2096875, -0.0240252987
1.6784375, 0.033567816, 0.00394790038, 0.21125, -0.0245995726
1.6909375, 0.0406075716, 0.0039474725, 0.2128125, -0.0251416843
1.7034375, 0.0389303602, 0.00398648759, 0.214375, -0.0256516635
1.7159375, 0.0363753177, 0.00397978288, 0.2159375, -0.0261295494
1.7284375, 0.0213393625, 0.00400273854, 0.2175, -0.0265753977
1.7409375, 0.0343097486, 0.00400786807, 0.2190625, -0.02698927
1.7534375, 0.0296376329, 0.00400162898, 0.220625, -0.0273712445
1.7659375, 0.0242780652, 0.00403606817, 0.2221875, -0.0277214088
1.7784375, 0.0279543921, 0.00404732661, 0.22375, -0.0280398652
1.7909375, 0.0332007036, 0.00405881465, 0.2253125, -0.0283267219
1.8034375, 0.0360356346, 0.00405058494, 0.226875, -0.0285821054
1.8159375, 0.0366937183, 0.00408131193, 0.2284375, -0.0288061481
1.8284375, 0.0361737013, 0.00409183377, 0.23, -0.0289989952
1.8409375, 0.0381631553, 0.00408657533, 0.2315625, -0.0291608032
1.8534375, 0.0365492962, 0.00410275246, 0.233125, -0.0292917415
1.8659375, 0.0300943591, 0.00412810691, 0.2346875, -0.0293919872
1.8784375, 0.0324710086, 0.00413761139, 0.23625, -0.0294617265
1.8909375, 0.0298370682, 0.00415319943, 0.2378125, -0.0295011625
1.9034375, 0.0333270431, 0.00414561678, 0.239375, -0.0295105018
1.9159375, 0.0333466977, 0.00414866663, 0.2409375, -0.0294899642
1.9284375, 0.0369422026, 0.00418410155, 0.2425, -0.029439779
1.9409375, 0.0368610285, 0.00420716488, 0.2440625, -0.0293601863
1.9534375, 0.0425669812, 0.00420923444, 0.245625, -0.0292514358
1.9659375, 0.039865803, 0.00420505977, 0.2471875, -0.0291137826
1.9784375, 0.0361053199, 0.00423305478, 0.24875, -0.0289474986
1.9909375, 0.0315726176, 0.00425476698, 0.2503125, -0.028752856
 , , , 0.251875, -0.0285301451
 , , , 0.2534375, -0.0282796565
 , , , 0.255, -0.0280016959
 , , , 0.2565625, -0.0276965741
 , , , 0.258125, -0.0273646098
 , , , 0.2596875, -0.0270061325
 , , , 0.26125, -0.0266214758
 , , , 0.2628125, -0.0262109861
 , , , 0.264375, -0.0257750116
 , , , 0.2659375, -0.0253139101
 , , , 0.2675, -0.0248280503
 , , , 0.2690625, -0.024317801
 , , , 0.270625, -0.0237835441
 , , , 0.2721875, -0.0232256614
 , , , 0.27375, -0.0226445496
 , , , 0.2753125, -0.0220406018
 , , , 0.276875, -0.0214142241
 , , , 0.2784375, -0.0207658261
 , , , 0.28, -0.0200958233
 , , , 0.2815625, -0.0194046348
 , , , 0.283125, -0.0186926872
 , , , 0.2846875, -0.0179604124
 , , , 0.28625, -0.0172082428
 , , , 0.2878125, -0.0164366215
 , , , 0.289375, -0.0156459901
 , , , 0.2909375, -0.0148367975
 , , , 0.2925, -0.0140094962
 , , , 0.2940625, -0.0131645426
 , , , 0.295625, -0.0123023959
 , , , 0.2971875, -0.0114235179
 , , , 0.29875, -0.0105283763
 , , , 0.3003125, -0.00961743854
 , , , 0.301875, -0.00869117584
 , , , 0.3034375, -0.00775006274
 , , , 0.305, -0.0067945756
 , , , 0.3065625, -0.00582519267
 , , , 0.308125, -0.0048423945
 , , , 0.3096875, -0.00384666235
 , , , 0.31125, -0.00283848005
 , , , 0.3128125, -0.0018183327
 , , , 0.314375, -0.000786705699
 , , , 0.3159375, 0.000255913998
 , , , 0.3175, 0.00130903884
 , , , 0.3190625, 0.00237218104
 , , , 0.320625, 0.00344485184
 , , , 0.3221875, 0.00452656345
 , , , 0.32375, 0.00561682647
 , , , 0.3253125, 0.00671515381
 , , , 0.326875, 0.00782105699
 , , , 0.3284375, 0.00893404894
 , , , 0.33, 0.010053644
 , , , 0.3315625, 0.011179355
 , , , 0.333125, 0.0123107005
 , , , 0.3346875, 0.0134471953
 , , , 0.33625, 0.0145883597
 , , , 0.3378125, 0.0157337133
 , , , 0.339375, 0.0168827772
 , , , 0.3409375, 0.0180350766
 , , , 0.3425, 0.0191901401
 , , , 0.3440625, 0.0203474928
 , , , 0.345625, 0.021506669
 , , , 0.3471875, 0.0226672012
 , , , 0.34875, 0.0238286275
 , , , 0.3503125, 0.0249904878
 , , , 0.351875, 0.0261523221
 , , , 0.3534375, 0.0273136813
 , , , 0.355, 0.028474113
 , , , 0.3565625, 0.0296331719
 , , , 0.358125, 0.0307904147
 , , , 0.3596875, 0.0319454037
 , , , 0.36125, 0.0330976993
 , , , 0.3628125, 0.0342468806
 , , , 0.364375, 0.0353925116
 , , , 0.3659375, 0.0365341753
 , , , 0.3675, 0.037671458
 , , , 0.3690625, 0.0388039388
 , , , 0.370625, 0.0399312191
 , , , 0.3721875, 0.0410528891
 , , , 0.37375, 0.0421685576
 , , , 0.3753125, 0.0432778262
 , , , 0.376875, 0.0443803146
 , , , 0.3784375, 0.0454756357
 , , , 0.38, 0.0465634204
 , , , 0.3815625, 0.047643289
 , , , 0.383125, 0.0487148836
 , , , 0.3846875, 0.0497778468
 , , , 0.38625, 0.0508318208
 , , , 0.3878125, 0.051876463
 , , , 0.389375, 0.0529114306
 , , , 0.3909375, 0.0539363883
 , , , 0.3925, 0.0549510121
 , , , 0.3940625, 0.0559549741
 , , , 0.395625, 0.0569479689
 , , , 0.3971875, 0.0579296798
 , , , 0.39875, 0.0588998049
 , , , 0.4003125, 0.0598580539
 , , , 0.401875, 0.0608041324
 , , , 0.4034375, 0.0617377646
 , , , 0.405, 0.062658675
 , , , 0.4065625, 0.0635665879
 , , , 0.408125, 0.0644612461
 , , , 0.4096875, 0.0653424039
 , , , 0.41125, 0.0662098005
 , , , 0.4128125, 0.0670632124
 , , , 0.414375, 0.0679023862
 , , , 0.4159375, 0.0687271133
 , , , 0.4175, 0.0695371702
 , , , 0.4190625, 0.0703323483
 , , , 0.420625, 0.071112439
 , , , 0.4221875, 0.0718772486
 , , , 0.42375, 0.0726265907
 , , , 0.4253125, 0.0733602792
 , , , 0.426875, 0.0740781352
 , , , 0.4284375, 0.0747800097
 , , , 0.43, 0.0754657239
 , , , 0.4315625, 0.0761351287
 , , , 0.433125, 0.0767880902
 , , , 0.4346875, 0.0774244666
 , , , 0.43625, 0.0780441239
 , , , 0.4378125, 0.078646943
 , , , 0.439375, 0.0792328045
 , , , 0.4409375, 0.0798016116
 , , , 0.4425, 0.0803532526
 , , , 0.4440625, 0.080887638
 , , , 0.445625, 0.0814046785
 , , , 0.4471875, 0.081904307
 , , , 0.44875, 0.0823864415
 , , , 0.4503125, 0.0828510299
 , , , 0.451875, 0.0832980052
 , , , 0.4534375, 0.0837273151
 , , , 0.455, 0.0841389373
 , , , 0.4565625, 0.0845328122
 , , , 0.458125, 0.0849089324
 , , , 0.4596875, 0.0852672607
 , , , 0.46125, 0.0856077969
 , , , 0.4628125, 0.0859305263
 , , , 0.464375, 0.0862354562
 , , , 0.4659375, 0.0865225866
 , , , 0.4675, 0.08679194
 , , , 0.4690625, 0.0870435238
 , , , 0.470625, 0.0872773752
 , , , 0.4721875, 0.0874935314
 , , , 0.47375, 0.0876920298
 , , , 0.4753125, 0.0878729075
 , , , 0.476875, 0.0880362317
 , , , 0.4784375, 0.0881820619
 , , , 0.48, 0.0883104578
 , , , 0.4815625, 0.0884214938
 , , , 0.483125, 0.0885152593
 , , , 0.4846875, 0.0885918215
 , , , 0.48625, 0.0886512846
 , , , 0.4878125, 0.088693738
 , , , 0.489375, 0.0887192935
 , , , 0.4909375, 0.0887280479
 , , , 0.4925, 0.0887201279
 , , , 0.4940625, 0.0886956453
 , , , 0.495625, 0.0886547267
 , , , 0.4971875, 0.0885975137
 , , , 0.49875, 0.0885241255
 , , , 0.5003125, 0.0884347185
 , , , 0.501875, 0.0883294269
 , , , 0.5034375, 0.0882084146
 , , , 0.505, 0.0880718306
 , , , 0.5065625, 0.0879198387
 , , , 0.508125, 0.087752603
 , , , 0.5096875, 0.0875703022
 , , , 0.51125, 0.0873731077
 , , , 0.5128125, 0.0871611908
 , , , 0.514375, 0.0869347528
 , , , 0.5159375, 0.0866939723
 , , , 0.5175, 0.0864390507
 , , , 0.5190625, 0.0861701742
 , , , 0.520625, 0.0858875513
 , , , 0.5221875, 0.0855913833
 , , , 0.52375, 0.0852818862
 , , , 0.5253125, 0.0849592611
 , , , 0.526875, 0.0846237317
 , , , 0.5284375, 0.0842755139
 , , , 0.53, 0.0839148313
 , , , 0.5315625, 0.0835419148
 , , , 0.533125, 0.083156988
 , , , 0.5346875, 0.0827602819
 , , , 0.53625, 0.0823520347
 , , , 0.5378125, 0.0819324851
 , , , 0.539375, 0.0815018713
 , , , 0.5409375, 0.0810604319
 , , , 0.5425, 0.0806084126
 , , , 0.5440625, 0.0801460743
 , , , 0.545625, 0.0796736479
 , , , 0.5471875, 0.0791914016
 , , , 0.54875, 0.0786995813
 , , , 0.5503125, 0.0781984404
 , , , 0.551875, 0.0776882395
 , , , 0.5534375, 0.0771692321
 , , , 0.555, 0.0766416937
 , , , 0.5565625, 0.0761058703
 , , , 0.558125, 0.0755620301
 , , , 0.5596875, 0.0750104412
 , , , 0.56125, 0.0744513646
 , , , 0.5628125, 0.0738850683
 , , , 0.564375, 0.0733118281
 , , , 0.5659375, 0.0727318972
 , , , 0.5675, 0.0721455514
 , , , 0.5690625, 0.0715530589
 , , , 0.570625, 0.0709546879
 , , , 0.5721875, 0.0703507215
 , , , 0.57375, 0.0697414055
 , , , 0.5753125, 0.0691270307
 , , , 0.576875, 0.0685078651
 , , , 0.5784375, 0.0678841695
 , , , 0.58, 0.0672562197
 , , , 0.5815625, 0.0666242838
 , , , 0.583125, 0.0659886301
 , , , 0.5846875, 0.0653495342
 , , , 0.58625, 0.0647072494
 , , , 0.5878125, 0.0640620589
 , , , 0.589375, 0.0634142235
 , , , 0.5909375, 0.0627640113
 , , , 0.5925, 0.0621116757
 , , , 0.5940625, 0.0614574961
 , , , 0.595625, 0.0608017221
 , , , 0.5971875, 0.0601446219
 , , , 0.59875, 0.0594864525
 , , , 0.6003125, 0.0588274747
 , , , 0.601875, 0.0581679419
 , , , 0.6034375, 0.057508111
 , , , 0.605, 0.0568482354
 , , , 0.6065625, 0.0561885647
 , , , 0.608125, 0.0555293523
 , , , 0.6096875, 0.0548708402
 , , , 0.61125, 0.054213278
 , , , 0.6128125, 0.0535569079
 , , , 0.614375, 0.0529019684
 , , , 0.6159375, 0.0522487052
 , , , 0.6175, 0.0515973456
 , , , 0.6190625, 0.0509481318
 , , , 0.620625, 0.050301291
 , , , 0.6221875, 0.0496570505
 , , , 0.62375, 0.0490156412
 , , , 0.6253125, 0.0483772829
 , , , 0.626875, 0.0477421954
 , , , 0.6284375, 0.0471106023
 , , , 0.63, 0.046482712
 , , , 0.6315625, 0.0458587371
 , , , 0.633125, 0.0452388898
 , , , 0.6346875, 0.0446233749
 , , , 0.63625, 0.0440123938
 , , , 0.6378125, 0.0434061438
 , , , 0.639375, 0.0428048261
 , , , 0.6409375, 0.0422086306
 , , , 0.6425, 0.0416177437
 , , , 0.6440625, 0.0410323553
 , , , 0.645625, 0.0404526442
 , , , 0.6471875, 0.0398787931
 , , , 0.64875, 0.0393109731
 , , , 0.6503125, 0.0387493633
 , , , 0.651875, 0.0381941237
 , , , 0.6534375, 0.0376454219
 , , , 0.655, 0.0371034183
 , , , 0.6565625, 0.0365682691
 , , , 0.658125, 0.0360401273
 , , , 0.6596875, 0.0355191454
 , , , 0.66125, 0.0350054651
 , , , 0.6628125, 0.034499228
 , , , 0.664375, 0.0340005755
 , , , 0.6659375, 0.0335096382
 , , , 0.6675, 0.0330265462
 , , , 0.6690625, 0.0325514227
 , , , 0.670625, 0.0320843942
 , , , 0.6721875, 0.0316255763
 , , , 0.67375, 0.0311750825
 , , , 0.6753125, 0.0307330228
 , , , 0.676875, 0.0302995015
 , , , 0.6784375, 0.0298746228
 , , , 0.68, 0.0294584818
 , , , 0.6815625, 0.0290511735
 , , , 0.683125, 0.0286527872
 , , , 0.6846875, 0.0282634068
 , , , 0.68625, 0.0278831124
 , , , 0.6878125, 0.0275119841
 , , , 0.689375, 0.0271500926
 , , , 0.6909375, 0.026797507
 , , , 0.6925, 0.0264542922
 , , , 0.6940625, 0.02612051
 , , , 0.695625, 0.0257962141
 , , , 0.6971875, 0.0254814606
 , , , 0.69875, 0.0251762941
 , , , 0.7003125, 0.0248807594
 , , , 0.701875, 0.0245948993
 , , , 0.7034375, 0.0243187491
 , , , 0.705, 0.0240523405
 , , , 0.7065625, 0.0237956997
 , , , 0.708125, 0.0235488545
 , , , 0.7096875, 0.0233118236
 , , , 0.71125, 0.0230846219
 , , , 0.7128125, 0.0228672642
 , , , 0.714375, 0.0226597562
 , , , 0.7159375, 0.0224621054
 , , , 0.7175, 0.0222743116
 , , , 0.7190625, 0.0220963713
 , , , 0.720625, 0.0219282769
 , , , 0.7221875, 0.0217700191
 , , , 0.72375, 0.021621583
 , , , 0.7253125, 0.0214829501
 , , , 0.726875, 0.0213540997
 , , , 0.7284375, 0.0212350078
 , , , 0.73, 0.0211256426
 , , , 0.7315625, 0.0210259724
 , , , 0.733125, 0.020935962
 , , , 0.7346875, 0.0208555721
 , , , 0.73625, 0.0207847599
 , , , 0.7378125, 0.020723477
 , , , 0.739375, 0.0206716768
 , , , 0.7409375, 0.0206293035
 , , , 0.7425, 0.0205963049
 , , , 0.7440625, 0.0205726177
 , , , 0.745625, 0.0205581803
 , , , 0.7471875, 0.0205529295
 , , , 0.74875, 0.0205567926
 , , , 0.7503125, 0.0205697007
 , , , 0.751875, 0.0205915775
 , , , 0.7534375, 0.0206223466
 , , , 0.755, 0.0206619259
 , , , 0.7565625, 0.0207102336
 , , , 0.758125, 0.0207671821
 , , , 0.7596875, 0.0208326839
 , , , 0.76125, 0.0209066477
 , , , 0.7628125, 0.0209889784
 , , , 0.764375, 0.0210795775
 , , , 0.7659375, 0.0211783499
 , , , 0.7675, 0.0212851912
 , , , 0.7690625, 0.0213999972
 , , , 0.770625, 0.0215226617
 , , , 0.7721875, 0.0216530785
 , , , 0.77375, 0.021791134
 , , , 0.7753125, 0.0219367184
 , , , 0.776875, 0.0220897123
 , , , 0.7784375, 0.0222500023
 , , , 0.78, 0.0224174671
 , , , 0.7815625, 0.0225919876
 , , , 0.783125, 0.0227734391
 , , , 0.7846875, 0.0229616985
 , , , 0.78625, 0.0231566392
 , , , 0.7878125, 0.0233581327
 , , , 0.789375, 0.0235660505
 , , , 0.7909375, 0.0237802602
 , , , 0.7925, 0.0240006298
 , , , 0.7940625, 0.0242270231
 , , , 0.795625, 0.0244593099
 , , , 0.7971875, 0.0246973485
 , , , 0.79875, 0.024941003
 , , , 0.8003125, 0.0251901355
 , , , 0.801875, 0.0254446045
 , , , 0.8034375, 0.0257042684
 , , , 0.805, 0.0259689838
 , , , 0.8065625, 0.026238611
 , , , 0.808125, 0.0265130047
 , , , 0.8096875, 0.0267920177
 , , , 0.81125, 0.0270755086
 , , , 0.8128125, 0.0273633283
 , , , 0.814375, 0.0276553296
 , , , 0.8159375, 0.0279513691
 , , , 0.8175, 0.028251294
 , , , 0.8190625, 0.0285549574
 , , , 0.820625, 0.0288622137
 , , , 0.8221875, 0.0291729104
 , , , 0.82375, 0.0294869002
 , , , 0.8253125, 0.0298040323
 , , , 0.826875, 0.0301241595
 , , , 0.8284375, 0.030447131
 , , , 0.83, 0.0307727959
 , , , 0.8315625, 0.0311010052
 , , , 0.833125, 0.0314316116
 , , , 0.8346875, 0.0317644626
 , , , 0.83625, 0.0320994109
 , , , 0.8378125, 0.0324363112
 , , , 0.839375, 0.0327750072
 , , , 0.8409375, 0.0331153572
 , , , 0.8425, 0.0334572084
 , , , 0.8440625, 0.0338004194
 , , , 0.845625, 0.0341448411
 , , , 0.8471875, 0.0344903283
 , , , 0.84875, 0.0348367319
 , , , 0.8503125, 0.0351839103
 , , , 0.851875, 0.035531722
 , , , 0.8534375, 0.035880018
 , , , 0.855, 0.0362286605
 , , , 0.8565625, 0.0365775079
 , , , 0.858125, 0.0369264148
 , , , 0.8596875, 0.037275251
 , , , 0.86125, 0.0376238711
 , , , 0.8628125, 0.0379721373
 , , , 0.864375, 0.0383199193
 , , , 0.8659375, 0.0386670753
 , , , 0.8675, 0.0390134789
 , , , 0.8690625, 0.0393589884
 , , , 0.870625, 0.0397034809
 , , , 0.8721875, 0.040046826
 , , , 0.87375, 0.0403888896
 , , , 0.8753125, 0.0407295488
 , , , 0.876875, 0.0410686806
 , , , 0.8784375, 0.0414061546
 , , , 0.88, 0.0417418517
 , , , 0.8815625, 0.0420756489
 , , , 0.883125, 0.0424074307
 , , , 0.8846875, 0.0427370779
 , , , 0.88625, 0.0430644713
 , , , 0.8878125, 0.0433895029
 , , , 0.889375, 0.0437120572
 , , , 0.8909375, 0.0440320186
 , , , 0.8925, 0.0443492867
 , , , 0.8940625, 0.0446637496
 , , , 0.895625, 0.0449753031
 , , , 0.8971875, 0.0452838428
 , , , 0.89875, 0.0455892682
 , , , 0.9003125, 0.0458914824
 , , , 0.901875, 0.0461903811
 , , , 0.9034375, 0.0464858748
 , , , 0.905, 0.0467778705
 , , , 0.9065625, 0.0470662713
 , , , 0.908125, 0.0473509915
 , , , 0.9096875, 0.0476319455
 , , , 0.91125, 0.0479090437
 , , , 0.9128125, 0.0481822044
 , , , 0.914375, 0.0484513491
 , , , 0.9159375, 0.0487163961
 , , , 0.9175, 0.0489772707
 , , , 0.9190625, 0.0492338985
 , , , 0.920625, 0.049486205
 , , , 0.9221875, 0.0497341193
 , , , 0.92375, 0.0499775782
 , , , 0.9253125, 0.0502165109
 , , , 0.926875, 0.0504508577
 , , , 0.9284375, 0.0506805554
 , , , 0.93, 0.050905548
 , , , 0.9315625, 0.0511257723
 , , , 0.933125, 0.0513411798
 , , , 0.9346875, 0.0515517145
 , , , 0.93625, 0.0517573282
 , , , 0.9378125, 0.0519579761
 , , , 0.939375, 0.052153606
 , , , 0.9409375, 0.0523441806
 , , , 0.9425, 0.0525296554
 , , , 0.9440625, 0.052709993
 , , , 0.945625, 0.0528851599
 , , , 0.9471875, 0.0530551188
 , , , 0.94875, 0.0532198362
 , , , 0.9503125, 0.0533792898
 , , , 0.951875, 0.0535334423
 , , , 0.9534375, 0.0536822751
 , , , 0.955, 0.0538257658
 , , , 0.9565625, 0.0539638884
 , , , 0.958125, 0.0540966317
 , , , 0.9596875, 0.0542239733
 , , , 0.96125, 0.0543459058
 , , , 0.9628125, 0.0544624105
 , , , 0.964375, 0.05457348
 , , , 0.9659375, 0.0546791106
 , , , 0.9675, 0.0547792949
 , , , 0.9690625, 0.0548740253
 , , , 0.970625, 0.0549633093
 , , , 0.9721875, 0.0550471395
 , , , 0.97375, 0.0551255271
 , , , 0.9753125, 0.055198472
 , , , 0.976875, 0.0552659817
 , , , 0.9784375, 0.0553280711
 , , , 0.98, 0.055384744
 , , , 0.9815625, 0.0554360189
 , , , 0.983125, 0.0554819107
 , , , 0.9846875, 0.0555224344
 , , , 0.98625, 0.0555576123
 , , , 0.9878125, 0.0555874668
 , , , 0.989375, 0.0556120165
 , , , 0.9909375, 0.0556312911
 , , , 0.9925, 0.0556453168
 , , , 0.9940625, 0.0556541197
 , , , 0.995625, 0.0556577295
 , , , 0.9971875, 0.0556561835
 , , , 0.99875, 0.0556495152
 , , , 1.0003125, 0.0556377545
 , , , 1.001875, 0.055620946
 , , , 1.0034375, 0.055599127
 , , , 1.005, 0.0555723384
 , , , 1.0065625, 0.0555406213
 , , , 1.008125, 0.0555040203
 , , , 1.0096875, 0.0554625802
 , , , 1.01125, 0.055416353
 , , , 1.0128125, 0.0553653836
 , , , 1.014375, 0.0553097203
 , , , 1.0159375, 0.0552494228
 , , , 1.0175, 0.0551845357
 , , , 1.0190625, 0.0551151149
 , , , 1.020625, 0.05504122
 , , , 1.0221875, 0.054962907
 , , , 1.02375, 0.0548802353
 , , , 1.0253125, 0.054793261
 , , , 1.026875, 0.0547020473
 , , , 1.0284375, 0.0546066575
 , , , 1.03, 0.054507155
 , , , 1.0315625, 0.0544036031
 , , , 1.033125, 0.0542960651
 , , , 1.0346875, 0.0541846119
 , , , 1.03625, 0.0540693104
 , , , 1.0378125, 0.0539502278
 , , , 1.039375, 0.0538274348
 , , , 1.0409375, 0.0537010022
 , , , 1.0425, 0.053570997
 , , , 1.0440625, 0.0534374975
 , , , 1.045625, 0.0533005781
 , , , 1.0471875, 0.0531603061
 , , , 1.04875, 0.0530167595
 , , , 1.0503125, 0.0528700128
 , , , 1.051875, 0.0527201481
 , , , 1.0534375, 0.0525672324
 , , , 1.055, 0.0524113514
 , , , 1.0565625, 0.0522525758
 , , , 1.058125, 0.0520909913
 , , , 1.0596875, 0.0519266725
 , , , 1.06125, 0.0517597012
 , , , 1.0628125, 0.0515901558
 , , , 1.064375, 0.0514181182
 , , , 1.0659375, 0.0512436666
 , , , 1.0675, 0.0510668829
 , , , 1.0690625, 0.0508878529
 , , , 1.070625, 0.0507066548
 , , , 1.0721875, 0.0505233668
 , , , 1.07375, 0.0503380783
 , , , 1.0753125, 0.0501508713
 , , , 1.076875, 0.0499618202
 , , , 1.0784375, 0.0497710146
 , , , 1.08, 0.0495785363
 , , , 1.0815625, 0.0493844673
 , , , 1.083125, 0.0491888933
 , , , 1.0846875, 0.0489918925
 , , , 1.08625, 0.0487935469
 , , , 1.0878125, 0.0485939421
 , , , 1.089375, 0.0483931601
 , , , 1.0909375, 0.0481912866
 , , , 1.0925, 0.0479883961
 , , , 1.0940625, 0.0477845781
 , , , 1.095625, 0.0475799106
 , , , 1.0971875, 0.0473744757
 , , , 1.09875, 0.0471683554
 , , , 1.1003125, 0.0469616279
 , , , 1.101875, 0.0467543751
 , , , 1.1034375, 0.046546679
 , , , 1.105, 0.0463386178
 , , , 1.1065625, 0.0461302735
 , , , 1.108125, 0.0459217206
 , , , 1.1096875, 0.0457130373
 , , , 1.11125, 0.0455043055
 , , , 1.1128125, 0.0452955998
 , , , 1.114375, 0.0450869985
 , , , 1.1159375, 0.044878576
 , , , 1.1175, 0.0446704067
 , , , 1.1190625, 0.0444625691
 , , , 1.120625, 0.0442551374
 , , , 1.1221875, 0.0440481789
 , , , 1.12375, 0.0438417755
 , , , 1.1253125, 0.0436359905
 , , , 1.126875, 0.0434309021
 , , , 1.1284375, 0.0432265736
 , , , 1.13, 0.0430230834
 , , , 1.1315625, 0.0428204946
 , , , 1.133125, 0.0426188745
 , , , 1.1346875, 0.0424182937
 , , , 1.13625, 0.0422188155
 , , , 1.1378125, 0.0420205072
 , , , 1.139375, 0.0418234318
 , , , 1.1409375, 0.0416276529
 , , , 1.1425, 0.0414332338
 , , , 1.1440625, 0.0412402377
 , , , 1.145625, 0.0410487205
 , , , 1.1471875, 0.0408587456
 , , , 1.14875, 0.0406703725
 , , , 1.1503125, 0.0404836535
 , , , 1.151875, 0.0402986482
 , , , 1.1534375, 0.0401154123
 , , , 1.155, 0.0399339981
 , , , 1.1565625, 0.0397544615
 , , , 1.158125, 0.0395768508
 , , , 1.1596875, 0.039401222
 , , , 1.16125, 0.0392276198
 , , , 1.1628125, 0.0390560962
 , , , 1.164375, 0.0388866961
 , , , 1.1659375, 0.0387194678
 , , , 1.1675, 0.0385544524
 , , , 1.1690625, 0.0383917019
 , , , 1.170625, 0.0382312499
 , , , 1.1721875, 0.0380731449
 , , , 1.17375, 0.037917424
 , , , 1.1753125, 0.0377641283
 , , , 1.176875, 0.0376132913
 , , , 1.1784375, 0.037464954
 , , , 1.18, 0.0373191498
 , , , 1.1815625, 0.0371759161
 , , , 1.183125, 0.0370352827
 , , , 1.1846875, 0.0368972793
 , , , 1.18625, 0.0367619395
 , , , 1.1878125, 0.0366292931
 , , , 1.189375, 0.0364993662
 , , , 1.1909375, 0.0363721885
 , , , 1.1925, 0.0362477787
 , , , 1.1940625, 0.0361261703
 , , , 1.195625, 0.0360073783
 , , , 1.1971875, 0.0358914286
 , , , 1.19875, 0.03577834
 , , , 1.2003125, 0.0356681347
 , , , 1.201875, 0.035560824
 , , , 1.2034375, 0.0354564302
 , , , 1.205, 0.0353549682
 , , , 1.2065625, 0.0352564529
 , , , 1.208125, 0.0351608917
 , , , 1.2096875, 0.0350683033
 , , , 1.21125, 0.0349786915
 , , , 1.2128125, 0.034892071
 , , , 1.214375, 0.0348084494
 , , , 1.2159375, 0.0347278304
 , , , 1.2175, 0.0346502215
 , , , 1.2190625, 0.0345756263
 , , , 1.220625, 0.0345040485
 , , , 1.2221875, 0.0344354883
 , , , 1.22375, 0.0343699493
 , , , 1.2253125, 0.0343074314
 , , , 1.226875, 0.0342479311
 , , , 1.2284375, 0.0341914445
 , , , 1.23, 0.0341379717
 , , , 1.2315625, 0.0340875052
 , , , 1.233125, 0.0340400375
 , , , 1.2346875, 0.033995565
 , , , 1.23625, 0.0339540765
 , , , 1.2378125, 0.0339155644
 , , , 1.239375, 0.0338800177
 , , , 1.2409375, 0.0338474251
 , , , 1.2425, 0.0338177755
 , , , 1.2440625, 0.0337910503
 , , , 1.245625, 0.0337672383
 , , , 1.2471875, 0.0337463245
 , , , 1.24875, 0.0337282903
 , , , 1.2503125, 0.0337131172
 , , , 1.251875, 0.0337007903
 , , , 1.2534375, 0.033691287
 , , , 1.255, 0.0336845852
 , , , 1.2565625, 0.03368067
 , , , 1.258125, 0.0336795114
 , , , 1.2596875, 0.0336810909
 , , , 1.26125, 0.0336853787
 , , , 1.2628125, 0.0336923562
 , , , 1.264375, 0.0337019973
 , , , 1.2659375, 0.0337142684
 , , , 1.2675, 0.0337291509
 , , , 1.2690625, 0.0337466076
 , , , 1.270625, 0.0337666124
 , , , 1.2721875, 0.0337891392
 , , , 1.27375, 0.0338141546
 , , , 1.2753125, 0.0338416249
 , , , 1.276875, 0.0338715203
 , , , 1.2784375, 0.0339038074
 , , , 1.28, 0.0339384526
 , , , 1.2815625, 0.0339754187
 , , , 1.283125, 0.0340146758
 , , , 1.2846875, 0.0340561867
 , , , 1.28625, 0.0340999141
 , , , 1.2878125, 0.0341458246
 , , , 1.289375, 0.0341938734
 , , , 1.2909375, 0.0342440307
 , , , 1.2925, 0.0342962556
 , , , 1.2940625, 0.0343505032
 , , , 1.295625, 0.0344067439
 , , , 1.2971875, 0.034464933
 , , , 1.29875, 0.0345250256
 , , , 1.3003125, 0.0345869884
 , , , 1.301875, 0.0346507803
 , , , 1.3034375, 0.0347163528
 , , , 1.305, 0.0347836651
 , , , 1.3065625, 0.0348526835
 , , , 1.308125, 0.0349233523
 , , , 1.3096875, 0.0349956416
 , , , 1.31125, 0.0350694954
 , , , 1.3128125, 0.0351448804
 , , , 1.314375, 0.0352217481
 , , , 1.3159375, 0.0353000499
 , , , 1.3175, 0.0353797525
 , , , 1.3190625, 0.0354607999
 , , , 1.320625, 0.0355431549
 , , , 1.3221875, 0.0356267653
 , , , 1.32375, 0.0357115939
 , , , 1.3253125, 0.0357975923
 , , , 1.326875, 0.0358847119
 , , , 1.3284375, 0.0359729119
 , , , 1.33, 0.03606214
 , , , 1.3315625, 0.0361523591
 , , , 1.333125, 0.036243517
 , , , 1.3346875, 0.0363355726
 , , , 1.33625, 0.0364284739
 , , , 1.3378125, 0.0365221798
 , , , 1.339375, 0.0366166458
 , , , 1.3409375, 0.0367118232
 , , , 1.3425, 0.0368076637
 , , , 1.3440625, 0.0369041264
 , , , 1.345625, 0.0370011665
 , , , 1.3471875, 0.0370987356
 , , , 1.34875, 0.0371967889
 , , , 1.3503125, 0.0372952819
 , , , 1.351875, 0.037394166
 , , , 1.3534375, 0.037493404
 , , , 1.355, 0.0375929438
 , , , 1.3565625, 0.0376927443
 , , , 1.358125, 0.0377927646
 , , , 1.3596875, 0.0378929563
 , , , 1.36125, 0.0379932746
 , , , 1.3628125, 0.0380936787
 , , , 1.364375, 0.0381941237
 , , , 1.3659375, 0.0382945724
 , , , 1.3675, 0.0383949727
 , , , 1.3690625, 0.038495291
 , , , 1.370625, 0.0385954827
 , , , 1.3721875, 0.038695503
 , , , 1.37375, 0.0387953147
 , , , 1.3753125, 0.0388948768
 , , , 1.376875, 0.0389941446
 , , , 1.3784375, 0.0390930846
 , , , 1.38, 0.0391916521
 , , , 1.3815625, 0.0392898135
 , , , 1.383125, 0.0393875241
 , , , 1.3846875, 0.0394847468
 , , , 1.38625, 0.0395814478
 , , , 1.3878125, 0.0396775827
 , , , 1.389375, 0.0397731252
 , , , 1.3909375, 0.0398680307
 , , , 1.3925, 0.0399622656
 , , , 1.3940625, 0.0400557928
 , , , 1.395625, 0.0401485823
 , , , 1.3971875, 0.040240597
 , , , 1.39875, 0.0403318033
 , , , 1.4003125, 0.0404221676
 , , , 1.401875, 0.0405116603
 , , , 1.4034375, 0.0406002477
 , , , 1.405, 0.0406878963
 , , , 1.4065625, 0.0407745764
 , , , 1.408125, 0.0408602618
 , , , 1.4096875, 0.040944919
 , , , 1.41125, 0.0410285182
 , , , 1.4128125, 0.0411110334
 , , , 1.414375, 0.0411924347
 , , , 1.4159375, 0.0412726998
 , , , 1.4175, 0.0413517952
 , , , 1.4190625, 0.0414297022
 , , , 1.420625, 0.041506391
 , , , 1.4221875, 0.0415818393
 , , , 1.42375, 0.0416560248
 , , , 1.4253125, 0.0417289175
 , , , 1.426875, 0.0418005027
 , , , 1.4284375, 0.0418707542
 , , , 1.43, 0.0419396535
 , , , 1.4315625, 0.0420071781
 , , , 1.433125, 0.0420733094
 , , , 1.4346875, 0.0421380252
 , , , 1.43625, 0.0422013141
 , , , 1.4378125, 0.0422631502
 , , , 1.439375, 0.0423235223
 , , , 1.4409375, 0.0423824117
 , , , 1.4425, 0.0424397998
 , , , 1.4440625, 0.0424956791
 , , , 1.445625, 0.0425500274
 , , , 1.4471875, 0.0426028371
 , , , 1.44875, 0.0426540934
 , , , 1.4503125, 0.042703785
 , , , 1.451875, 0.0427518971
 , , , 1.4534375, 0.0427984223
 , , , 1.455, 0.0428433493
 , , , 1.4565625, 0.042886667
 , , , 1.458125, 0.0429283679
 , , , 1.4596875, 0.0429684483
 , , , 1.46125, 0.0430068932
 , , , 1.4628125, 0.0430437028
 , , , 1.464375, 0.0430788659
 , , , 1.4659375, 0.0431123823
 , , , 1.4675, 0.043144241
 , , , 1.4690625, 0.0431744419
 , , , 1.470625, 0.0432029851
 , , , 1.4721875, 0.043229863
 , , , 1.47375, 0.0432550721
 , , , 1.4753125, 0.0432786159
 , , , 1.476875, 0.0433004946
 , , , 1.4784375, 0.0433207005
 , , , 1.48, 0.043339245
 , , , 1.4815625, 0.0433561206
 , , , 1.483125, 0.0433713309
 , , , 1.4846875, 0.0433848836
 , , , 1.48625, 0.0433967784
 , , , 1.4878125, 0.0434070155
 , , , 1.489375, 0.043415606
 , , , 1.4909375, 0.04342255
 , , , 1.4925, 0.0434278585
 , , , 1.4940625, 0.0434315316
 , , , 1.495625, 0.0434335768
 , , , 1.4971875, 0.043434009
 , , , 1.49875, 0.043432828
 , , , 1.5003125, 0.0434300452
 , , , 1.501875, 0.043425668
 , , , 1.5034375, 0.0434197076
 , , , 1.505, 0.0434121788
 , , , 1.5065625, 0.0434030816
 , , , 1.508125, 0.0433924384
 , , , 1.5096875, 0.043380253
 , , , 1.51125, 0.0433665439
 , , , 1.5128125, 0.0433513187
 , , , 1.514375, 0.0433345921
 , , , 1.5159375, 0.0433163792
 , , , 1.5175, 0.0432966948
 , , , 1.5190625, 0.04327555
 , , , 1.520625, 0.0432529673
 , , , 1.5221875, 0.0432289541
 , , , 1.52375, 0.043203529
 , , , 1.5253125, 0.0431767106
 , , , 1.526875, 0.0431485139
 , , , 1.5284375, 0.0431189574
 , , , 1.53, 0.0430880561
 , , , 1.5315625, 0.0430558324
 , , , 1.533125, 0.043022301
 , , , 1.5346875, 0.0429874845
 , , , 1.53625, 0.0429513976
 , , , 1.5378125, 0.0429140665
 , , , 1.539375, 0.0428755023
 , , , 1.5409375, 0.0428357348
 , , , 1.5425, 0.0427947752
 , , , 1.5440625, 0.0427526496
 , , , 1.545625, 0.0427093804
 , , , 1.5471875, 0.0426649861
 , , , 1.54875, 0.0426194891
 , , , 1.5503125, 0.0425729156
 , , , 1.551875, 0.0425252803
 , , , 1.5534375, 0.0424766093
 , , , 1.555, 0.0424269252
 , , , 1.5565625, 0.0423762538
 , , , 1.558125, 0.0423246175
 , , , 1.5596875, 0.042272035
 , , , 1.56125, 0.0422185324
 , , , 1.5628125, 0.0421641357
 , , , 1.564375, 0.0421088673
 , , , 1.5659375, 0.0420527533
 , , , 1.5675, 0.0419958122
 , , , 1.5690625, 0.0419380777
 , , , 1.570625, 0.0418795645
 , , , 1.5721875, 0.0418203026
 , , , 1.57375, 0.041760318
 , , , 1.5753125, 0.041699633
 , , , 1.576875, 0.04163827
 , , , 1.5784375, 0.0415762588
 , , , 1.58, 0.0415136255
 , , , 1.5815625, 0.0414503925
 , , , 1.583125, 0.041386582
 , , , 1.5846875, 0.0413222276
 , , , 1.58625, 0.0412573442
 , , , 1.5878125, 0.0411919653
 , , , 1.589375, 0.0411261134
 , , , 1.5909375, 0.0410598144
 , , , 1.5925, 0.0409930944
 , , , 1.5940625, 0.0409259759
 , , , 1.595625, 0.0408584848
 , , , 1.5971875, 0.040790651
 , , , 1.59875, 0.0407224931
 , , , 1.6003125, 0.0406540409
 , , , 1.601875, 0.0405853167
 , , , 1.6034375, 0.0405163467
 , , , 1.605, 0.0404471569
 , , , 1.6065625, 0.0403777696
 , , , 1.608125, 0.040308211
 , , , 1.6096875, 0.0402385071
 , , , 1.61125, 0.0401686803
 , , , 1.6128125, 0.0400987566
 , , , 1.614375, 0.0400287546
 , , , 1.6159375, 0.039958708
 , , , 1.6175, 0.0398886316
 , , , 1.6190625, 0.0398185551
 , , , 1.620625, 0.039748501
 , , , 1.6221875, 0.0396784917
 , , , 1.62375, 0.0396085493
 , , , 1.6253125, 0.0395387001
 , , , 1.626875, 0.0394689627
 , , , 1.6284375, 0.0393993631
 , , , 1.63, 0.0393299237
 , , , 1.6315625, 0.0392606631
 , , , 1.633125, 0.0391916037
 , , , 1.6346875, 0.0391227752
 , , , 1.63625, 0.0390541889
 , , , 1.6378125, 0.0389858708
 , , , 1.639375, 0.0389178395
 , , , 1.6409375, 0.0388501175
 , , , 1.6425, 0.038782727
 , , , 1.6440625, 0.0387156866
 , , , 1.645625, 0.0386490151
 , , , 1.6471875, 0.038582731
 , , , 1.64875, 0.0385168567
 , , , 1.6503125, 0.0384514108
 , , , 1.651875, 0.0383864082
 , , , 1.6534375, 0.0383218713
 , , , 1.655, 0.0382578187
 , , , 1.6565625, 0.0381942615
 , , , 1.658125, 0.0381312259
 , , , 1.6596875, 0.0380687229
 , , , 1.66125, 0.0380067751
 , , , 1.6628125, 0.0379453935
 , , , 1.664375, 0.037884593
 , , , 1.6659375, 0.037824396
 , , , 1.6675, 0.0377648138
 , , , 1.6690625, 0.037705861
 , , , 1.670625, 0.0376475528
 , , , 1.6721875, 0.0375899039
 , , , 1.67375, 0.0375329293
 , , , 1.6753125, 0.0374766402
 , , , 1.676875, 0.0374210514
 , , , 1.6784375, 0.0373661779
 , , , 1.68, 0.0373120271
 , , , 1.6815625, 0.0372586176
 , , , 1.683125, 0.0372059569
 , , , 1.6846875, 0.0371540561
 , , , 1.68625, 0.0371029265
 , , , 1.6878125, 0.0370525792
 , , , 1.689375, 0.0370030254
 , , , 1.6909375, 0.0369542763
 , , , 1.6925, 0.0369063392
 , , , 1.6940625, 0.0368592218
 , , , 1.695625, 0.0368129387
 , , , 1.6971875, 0.0367674902
 , , , 1.69875, 0.036722891
 , , , 1.7003125, 0.0366791449
 , , , 1.701875, 0.0366362594
 , , , 1.7034375, 0.0365942419
 , , , 1.705, 0.0365530998
 , , , 1.7065625, 0.0365128405
 , , , 1.708125, 0.0364734642
 , , , 1.7096875, 0.036434982
 , , , 1.71125, 0.0363973975
 , , , 1.7128125, 0.0363607109
 , , , 1.714375, 0.0363249332
 , , , 1.7159375, 0.0362900607
 , , , 1.7175, 0.0362561047
 , , , 1.7190625, 0.0362230614
 , , , 1.720625, 0.0361909382
 , , , 1.7221875, 0.0361597352
 , , , 1.72375, 0.0361294523
 , , , 1.7253125, 0.036100097
 , , , 1.726875, 0.0360716619
 , , , 1.7284375, 0.036044158
 , , , 1.73, 0.0360175781
 , , , 1.7315625, 0.035991922
 , , , 1.733125, 0.0359671935
 , , , 1.7346875, 0.0359433927
 , , , 1.73625, 0.0359205119
 , , , 1.7378125, 0.0358985588
 , , , 1.739375, 0.0358775221
 , , , 1.7409375, 0.0358574092
 , , , 1.7425, 0.0358382128
 , , , 1.7440625, 0.0358199291
 , , , 1.745625, 0.0358025543
 , , , 1.7471875, 0.0357860886
 , , , 1.74875, 0.035770528
 , , , 1.7503125, 0.035755869
 , , , 1.751875, 0.0357421041
 , , , 1.7534375, 0.0357292295
 , , , 1.755, 0.0357172415
 , , , 1.7565625, 0.0357061327
 , , , 1.758125, 0.035695903
 , , , 1.7596875, 0.0356865413
 , , , 1.76125, 0.0356780402
 , , , 1.7628125, 0.0356703997
 , , , 1.764375, 0.0356636047
 , , , 1.7659375, 0.0356576554
 , , , 1.7675, 0.0356525406
 , , , 1.7690625, 0.0356482565
 , , , 1.770625, 0.035644792
 , , , 1.7721875, 0.0356421359
 , , , 1.77375, 0.0356402881
 , , , 1.7753125, 0.0356392339
 , , , 1.776875, 0.0356389657
 , , , 1.7784375, 0.035639476
 , , , 1.78, 0.0356407538
 , , , 1.7815625, 0.0356427915
 , , , 1.783125, 0.0356455743
 , , , 1.7846875, 0.0356490985
 , , , 1.78625, 0.0356533527
 , , , 1.7878125, 0.0356583223
 , , , 1.789375, 0.0356640033
 , , , 1.7909375, 0.0356703773
 , , , 1.7925, 0.0356774367
 , , , 1.7940625, 0.0356851742
 , , , 1.795625, 0.0356935747
 , , , 1.7971875, 0.0357026272
 , , , 1.79875, 0.0357123166
 , , , 1.8003125, 0.0357226357
 , , , 1.801875, 0.0357335731
 , , , 1.8034375, 0.0357451141
 , , , 1.805, 0.0357572474
 , , , 1.8065625, 0.035769958
 , , , 1.808125, 0.035783235
 , , , 1.8096875, 0.035797067
 , , , 1.81125, 0.0358114429
 , , , 1.8128125, 0.035826344
 , , , 1.814375, 0.035841763
 , , , 1.8159375, 0.0358576812
 , , , 1.8175, 0.0358740911
 , , , 1.8190625, 0.0358909741
 , , , 1.820625, 0.0359083228
 , , , 1.8221875, 0.0359261185
 , , , 1.82375, 0.0359443501
 , , , 1.8253125, 0.0359629989
 , , , 1.826875, 0.0359820612
 , , , 1.8284375, 0.0360015146
 , , , 1.83, 0.0360213481
 , , , 1.8315625, 0.0360415503
 , , , 1.833125, 0.0360621028
 , , , 1.8346875, 0.0360829942
 , , , 1.83625, 0.0361042097
 , , , 1.8378125, 0.0361257344
 , , , 1.839375, 0.0361475572
 , , , 1.8409375, 0.0361696631
 , , , 1.8425, 0.0361920372
 , , , 1.8440625, 0.0362146646
 , , , 1.845625, 0.0362375304
 , , , 1.8471875, 0.0362606272
 , , , 1.84875, 0.0362839326
 , , , 1.8503125, 0.0363074392
 , , , 1.851875, 0.0363311283
 , , , 1.8534375, 0.0363549888
 , , , 1.855, 0.0363790058
 , , , 1.8565625, 0.036403168
 , , , 1.858125, 0.0364274569
 , , , 1.8596875, 0.0364518613
 , , , 1.86125, 0.0364763662
 , , , 1.8628125, 0.0365009606
 , , , 1.864375, 0.0365256257
 , , , 1.8659375, 0.0365503579
 , , , 1.8675, 0.0365751311
 , , , 1.8690625, 0.0365999416
 , , , 1.870625, 0.0366247743
 , , , 1.8721875, 0.0366496146
 , , , 1.87375, 0.0366744474
 , , , 1.8753125, 0.0366992615
 , , , 1.876875, 0.0367240459
 , , , 1.8784375, 0.0367487855
 , , , 1.88, 0.0367734693
 , , , 1.8815625, 0.0367980823
 , , , 1.883125, 0.0368226133
 , , , 1.8846875, 0.036847055
 , , , 1.88625, 0.0368713848
 , , , 1.8878125, 0.0368955992
 , , , 1.889375, 0.0369196832
 , , , 1.8909375, 0.0369436257
 , , , 1.8925, 0.0369674154
 , , , 1.8940625, 0.0369910374
 , , , 1.895625, 0.0370144881
 , , , 1.8971875, 0.0370377451
 , , , 1.89875, 0.0370608084
 , , , 1.9003125, 0.0370836593
 , , , 1.901875, 0.0371062942
 , , , 1.9034375, 0.0371286944
 , , , 1.905, 0.0371508561
 , , , 1.9065625, 0.0371727645
 , , , 1.908125, 0.0371944122
 , , , 1.9096875, 0.0372157916
 , , , 1.91125, 0.037236888
 , , , 1.9128125, 0.0372576937
 , , , 1.914375, 0.0372781977
 , , , 1.9159375, 0.0372983962
 , , , 1.9175, 0.0373182744
 , , , 1.9190625, 0.0373378284
 , , , 1.920625, 0.0373570472
 , , , 1.9221875, 0.0373759232
 , , , 1.92375, 0.0373944454
 , , , 1.9253125, 0.0374126099
 , , , 1.926875, 0.0374304056
 , , , 1.9284375, 0.0374478251
 , , , 1.93, 0.0374648646
 , , , 1.9315625, 0.0374815129
 , , , 1.933125, 0.0374977663
 , , , 1.9346875, 0.0375136137
 , , , 1.93625, 0.037529055
 , , , 1.9378125, 0.0375440754
 , , , 1.939375, 0.0375586785
 , , , 1.9409375, 0.0375728495
 , , , 1.9425, 0.0375865884
 , , , 1.9440625, 0.037599884
 , , , 1.945625, 0.0376127362
 , , , 1.9471875, 0.0376251414
 , , , 1.94875, 0.0376370884
 , , , 1.9503125, 0.0376485772
 , , , 1.951875, 0.0376596004
 , , , 1.9534375, 0.0376701541
 , , , 1.955, 0.0376802385
 , , , 1.9565625, 0.037689846
 , , , 1.958125, 0.037698973
 , , , 1.9596875, 0.0377076156
 , , , 1.96125, 0.0377157703
 , , , 1.9628125, 0.0377234407
 , , , 1.964375, 0.0377306156
 , , , 1.9659375, 0.037737295
 , , , 1.9675, 0.0377434753
 , , , 1.9690625, 0.0377491601
 , , , 1.970625, 0.037754342
 , , , 1.9721875, 0.0377590209
 , , , 1.97375, 0.037763197
 , , , 1.9753125, 0.0377668664
 , , , 1.976875, 0.0377700292
 , , , 1.9784375, 0.0377726816
 , , , 1.98, 0.0377748273
 , , , 1.9815625, 0.0377764627
 , , , 1.983125, 0.0377775915
 , , , 1.9846875, 0.0377782099
 , , , 1.98625, 0.0377783179
 , , , 1.9878125, 0.0377779193
 , , , 1.989375, 0.0377770104
 , , , 1.9909375, 0.0377755947
 , , , 1.9925, 0.0377736725
 , , , 1.9940625, 0.0377712436
 , , , 1.995625, 0.0377683081
 , , , 1.9971875, 0.0377648734
 , , , 1.99875, 0.0377609357
