xData0, data0, errData0, xTheory0, theory0
0.028125, 0.229733616, 0.00199472205, 0.0046875, 0.227319539
0.065625, 0.226114675, 0.00200753439, 0.009375, 0.227318138
0.103125, 0.227948517, 0.00202566019, 0.0140625, 0.227315798
0.140625, 0.223639205, 0.0020465686, 0.01875, 0.227312535
0.178125, 0.226201117, 0.00206338951, 0.0234375, 0.227308333
0.215625, 0.227589816, 0.00207946484, 0.028125, 0.227303192
0.253125, 0.224280328, 0.00210442202, 0.0328125, 0.227297127
0.290625, 0.226681858, 0.00211818786, 0.0375, 0.227290124
0.328125, 0.227130905, 0.00214061694, 0.0421875, 0.227282196
0.365625, 0.228934333, 0.00215345708, 0.046875, 0.22727333
0.403125, 0.228672892, 0.00217241357, 0.0515625, 0.227263525
0.440625, 0.223715022, 0.00219160627, 0.05625, 0.227252796
0.478125, 0.223601952, 0.00221407707, 0.0609375, 0.227241129
0.515625, 0.215437308, 0.00224428098, 0.065625, 0.227228522
0.553125, 0.224631578, 0.00224763097, 0.0703125, 0.227214992
0.590625, 0.223885551, 0.00227129867, 0.075, 0.227200538
0.628125, 0.222069606, 0.00229546462, 0.0796875, 0.22718513
0.665625, 0.215653777, 0.00232558218, 0.084375, 0.227168798
0.703125, 0.212853238, 0.0023418339, 0.0890625, 0.227151543
0.740625, 0.21897319, 0.00235715998, 0.09375, 0.227133349
0.778125, 0.215842932, 0.00238148962, 0.0984375, 0.22711423
0.815625, 0.209783792, 0.00241277535, 0.103125, 0.227094173
0.853125, 0.211581066, 0.00243031479, 0.1078125, 0.227073193
0.890625, 0.208039165, 0.002460756, 0.1125, 0.227051273
0.928125, 0.20666486, 0.00247258161, 0.1171875, 0.227028415
0.965625, 0.203821167, 0.00249874812, 0.121875, 0.227004647
1.003125, 0.206016466, 0.0025195096, 0.1265625, 0.226979926
1.040625, 0.203481674, 0.00254552336, 0.13125, 0.226954296
1.078125, 0.204912841, 0.00257610118, 0.1359375, 0.226927727
1.115625, 0.203248471, 0.00259800728, 0.140625, 0.22690022
1.153125, 0.199500903, 0.00261705945, 0.1453125, 0.226871789
1.190625, 0.19782187, 0.00264086697, 0.15, 0.226842433
1.228125, 0.194454134, 0.00267305798, 0.1546875, 0.226812154
1.265625, 0.193363801, 0.00270620947, 0.159375, 0.226780936
1.303125, 0.195202887, 0.00272421486, 0.1640625, 0.226748794
1.340625, 0.194752559, 0.00274094342, 0.16875, 0.226715729
1.378125, 0.187115595, 0.00277060278, 0.1734375, 0.226681724
1.415625, 0.189100027, 0.0028046329, 0.178125, 0.226646811
1.453125, 0.188409746, 0.00283165801, 0.1828125, 0.226610959
1.490625, 0.187224299, 0.00285289873, 0.1875, 0.226574183
1.528125, 0.179348931, 0.00288557478, 0.1921875, 0.226536468
1.565625, 0.181887135, 0.00290105378, 0.196875, 0.226497844
1.603125, 0.179465234, 0.00293676224, 0.2015625, 0.226458296
1.640625, 0.178875908, 0.00297064733, 0.20625, 0.22641781
1.678125, 0.176960498, 0.0029994963, 0.2109375, 0.226376414
1.715625, 0.172538921, 0.00302208591, 0.215625, 0.22633408
1.753125, 0.169017062, 0.00305603225, 0.2203125, 0.226290837
1.790625, 0.16644451, 0.00309895045, 0.225, 0.226246655
1.828125, 0.171366662, 0.0031110806, 0.2296875, 0.226201564
1.865625, 0.164941594, 0.0031513998, 0.234375, 0.226155549
1.903125, 0.156881273, 0.0031842312, 0.2390625, 0.226108611
1.940625, 0.15788804, 0.00320833079, 0.24375, 0.226060748
1.978125, 0.15022257, 0.00325496586, 0.2484375, 0.226011962
2.015625, 0.157115653, 0.00326864403, 0.253125, 0.225962266
2.053125, 0.155644447, 0.00330105723, 0.2578125, 0.225911647
2.090625, 0.147115082, 0.00333992372, 0.2625, 0.225860104
2.128125, 0.150184825, 0.00336766692, 0.2671875, 0.225807652
2.165625, 0.150579184, 0.00341154372, 0.271875, 0.225754261
2.203125, 0.13886556, 0.00345567542, 0.2765625, 0.225699976
2.240625, 0.141664833, 0.00347345168, 0.28125, 0.225644767
2.278125, 0.134960204, 0.00351447126, 0.2859375, 0.225588635
2.315625, 0.131860435, 0.00356609982, 0.290625, 0.225531593
2.353125, 0.125322834, 0.00361130721, 0.2953125, 0.225473627
2.390625, 0.126082674, 0.00362643696, 0.3, 0.225414768
2.428125, 0.130316406, 0.00364491641, 0.3046875, 0.22535497
2.465625, 0.128004506, 0.00369399516, 0.309375, 0.225294277
2.503125, 0.124108441, 0.00370555266, 0.3140625, 0.225232661
2.540625, 0.128624022, 0.00376206017, 0.31875, 0.225170135
2.578125, 0.117034644, 0.00380351955, 0.3234375, 0.225106701
2.615625, 0.121160597, 0.00382806119, 0.328125, 0.225042343
2.653125, 0.112267725, 0.00388503857, 0.3328125, 0.224977091
2.690625, 0.116872512, 0.00391779526, 0.3375, 0.22491093
2.728125, 0.111572154, 0.00394575156, 0.3421875, 0.224843845
2.765625, 0.108876385, 0.00398424106, 0.346875, 0.224775866
2.803125, 0.105950847, 0.00403362302, 0.3515625, 0.224706978
2.840625, 0.101494715, 0.00406624294, 0.35625, 0.224637166
2.878125, 0.0925589725, 0.00412695891, 0.3609375, 0.224566475
2.915625, 0.0948540568, 0.00414611635, 0.365625, 0.22449486
2.953125, 0.0974234492, 0.00419012548, 0.3703125, 0.224422336
2.990625, 0.0931540877, 0.0042238805, 0.375, 0.224348918
3.028125, 0.0934280455, 0.00427348247, 0.3796875, 0.224274606
3.065625, 0.0878878608, 0.00432237143, 0.384375, 0.224199384
3.103125, 0.093933031, 0.00434225428, 0.3890625, 0.224123254
3.140625, 0.0859046355, 0.00440264312, 0.39375, 0.22404623
3.178125, 0.0937274992, 0.00442909397, 0.3984375, 0.223968297
3.215625, 0.0815112963, 0.00448198179, 0.403125, 0.22388947
3.253125, 0.0752728432, 0.00452883773, 0.4078125, 0.223809749
3.290625, 0.0692187101, 0.00457497213, 0.4125, 0.223729134
3.328125, 0.0727076307, 0.0046082272, 0.4171875, 0.223647609
3.365625, 0.074251458, 0.00467584223, 0.421875, 0.223565191
3.403125, 0.0662484914, 0.00471055544, 0.4265625, 0.223481879
3.440625, 0.0649297833, 0.0047522942, 0.43125, 0.223397672
3.478125, 0.0598897859, 0.00481634073, 0.4359375, 0.223312587
3.515625, 0.0577699691, 0.00483608074, 0.440625, 0.223226592
3.553125, 0.0581054799, 0.00490407149, 0.4453125, 0.223139703
3.590625, 0.0589787774, 0.00492712195, 0.45, 0.223051935
3.628125, 0.0520754345, 0.00496443077, 0.4546875, 0.222963274
3.665625, 0.053748358, 0.00503071525, 0.459375, 0.222873718
3.703125, 0.0506836176, 0.00509584811, 0.4640625, 0.222783282
3.740625, 0.0490898006, 0.00510720226, 0.46875, 0.222691953
3.778125, 0.0443780422, 0.00519881077, 0.4734375, 0.222599745
3.815625, 0.0478673913, 0.00524915882, 0.478125, 0.222506642
3.853125, 0.0412712321, 0.00526764118, 0.4828125, 0.222412661
3.890625, 0.0423886701, 0.00533457148, 0.4875, 0.2223178
3.928125, 0.0351801217, 0.00539558612, 0.4921875, 0.222222045
3.965625, 0.0500191599, 0.00539440428, 0.496875, 0.222125426
4.003125, 0.0399983786, 0.00548590972, 0.5015625, 0.222027913
4.040625, 0.0355336554, 0.00554029524, 0.50625, 0.22192952
4.078125, 0.0373482667, 0.00560287211, 0.5109375, 0.221830249
4.115625, 0.0438625365, 0.00560906123, 0.515625, 0.221730113
4.153125, 0.0297301859, 0.0056849953, 0.5203125, 0.221629083
4.190625, 0.0270662997, 0.00573437224, 0.525, 0.221527189
4.228125, 0.0230351221, 0.00580084944, 0.5296875, 0.221424416
4.265625, 0.0198146291, 0.00586785277, 0.534375, 0.221320778
4.303125, 0.0231406093, 0.00591117129, 0.5390625, 0.221216261
4.340625, 0.0204978995, 0.00601989927, 0.54375, 0.221110865
4.378125, 0.0187722854, 0.00604993623, 0.5484375, 0.22100462
4.415625, 0.0286596678, 0.00604195763, 0.553125, 0.220897481
4.453125, 0.0147870248, 0.00619440794, 0.5578125, 0.220789492
4.490625, 0.0248017535, 0.00619979027, 0.5625, 0.220680624
4.528125, 0.0121681942, 0.00627179622, 0.5671875, 0.220570907
4.565625, 0.0222282447, 0.00632572515, 0.571875, 0.220460311
4.603125, 0.0192013606, 0.00636724484, 0.5765625, 0.22034885
4.640625, 0.0186542906, 0.00640327128, 0.58125, 0.22023654
4.678125, 0.0192465987, 0.00645768943, 0.5859375, 0.220123351
4.715625, 0.0103373481, 0.00657832629, 0.590625, 0.220009312
4.753125, 0.013058654, 0.00658626282, 0.5953125, 0.219894424
4.790625, 0.0100173894, 0.00662036245, 0.6, 0.219778657
4.828125, 0.0128720365, 0.00673340921, 0.6046875, 0.219662055
4.865625, 0.0148092452, 0.0068135548, 0.609375, 0.21954459
4.903125, 0.00986555591, 0.0068724596, 0.6140625, 0.219426259
4.940625, 0.0185033157, 0.0069332195, 0.61875, 0.21930708
4.978125, 0.0121157384, 0.00701498064, 0.6234375, 0.219187066
5.015625, 0.00667098491, 0.00709480209, 0.628125, 0.219066188
5.053125, -0.000108731932, 0.00710233582, 0.6328125, 0.21894446
5.090625, 0.0174698625, 0.00718157524, 0.6375, 0.218821883
5.128125, 0.00223847455, 0.0072362444, 0.6421875, 0.218698457
5.165625, 0.00175347738, 0.00725523836, 0.646875, 0.218574196
5.203125, -0.00438704947, 0.00735076558, 0.6515625, 0.218449086
5.240625, -0.00176762079, 0.00744923268, 0.65625, 0.218323126
5.278125, -0.00958770979, 0.00753024874, 0.6609375, 0.218196332
5.315625, -0.000343487511, 0.00759865423, 0.665625, 0.218068689
5.353125, -0.00840713829, 0.00756500573, 0.6703125, 0.217940211
5.390625, -0.0183077566, 0.00770448767, 0.675, 0.217810899
5.428125, -0.0102799684, 0.00779616038, 0.6796875, 0.217680752
5.465625, 0.00607335474, 0.00781921202, 0.684375, 0.217549771
5.503125, -0.000650841161, 0.00793287531, 0.6890625, 0.21741794
5.540625, 0.0047455579, 0.00796832695, 0.69375, 0.21728529
5.578125, 0.0077861771, 0.0080813057, 0.6984375, 0.217151806
5.615625, 0.0144877005, 0.00807889038, 0.703125, 0.217017502
5.653125, 0.00637957174, 0.00821772585, 0.7078125, 0.216882348
5.690625, -0.00224879524, 0.00825921442, 0.7125, 0.216746375
5.728125, 0.00599723076, 0.00830210358, 0.7171875, 0.216609582
5.765625, 0.00394723332, 0.00845313542, 0.721875, 0.21647197
5.803125, -0.00347293937, 0.00849525508, 0.7265625, 0.216333523
5.840625, -0.00868358463, 0.00866348182, 0.73125, 0.216194257
5.878125, -0.0145144537, 0.00867895272, 0.7359375, 0.216054171
5.915625, -0.000114053735, 0.00874047648, 0.740625, 0.215913266
5.953125, -0.00577771105, 0.00873077392, 0.7453125, 0.215771541
5.990625, 0.00122117775, 0.00888764365, 0.75, 0.215629011
6.028125, 0.000556390791, 0.0090221883, 0.7546875, 0.215485662
6.065625, 0.00923747569, 0.00914409359, 0.759375, 0.215341493
6.103125, 0.0140459184, 0.00907591527, 0.7640625, 0.21519652
6.140625, 0.00768957194, 0.00919470484, 0.76875, 0.215050727
6.178125, -0.00444115093, 0.00924576359, 0.7734375, 0.21490413
6.215625, -0.0066126273, 0.00949831397, 0.778125, 0.214756727
6.253125, -0.00454451749, 0.00940847127, 0.7828125, 0.21460852
6.290625, -0.00912378635, 0.00952815037, 0.7875, 0.214459509
6.328125, 0.00567435427, 0.00960080758, 0.7921875, 0.214309692
6.365625, 0.00591484783, 0.00967389244, 0.796875, 0.214159071
6.403125, 0.0131026832, 0.00968066872, 0.8015625, 0.214007661
6.440625, -0.00311751524, 0.00997865369, 0.80625, 0.213855445
6.478125, -0.00240670727, 0.00992672683, 0.8109375, 0.213702425
6.515625, -0.00218356401, 0.0100530772, 0.815625, 0.21354863
6.553125, 0.0120440079, 0.0101036418, 0.8203125, 0.213394016
6.590625, 0.00673222495, 0.0102980089, 0.825, 0.213238627
6.628125, 0.00885315053, 0.0103978615, 0.8296875, 0.213082448
6.665625, -0.000478371105, 0.0105566036, 0.834375, 0.212925479
6.703125, 0.0119087687, 0.0104587223, 0.8390625, 0.21276772
6.740625, 0.00781012513, 0.0106187103, 0.84375, 0.212609172
6.778125, 0.0272445418, 0.0106745559, 0.8484375, 0.212449834
6.815625, 0.0369049199, 0.0106808281, 0.853125, 0.212289721
6.853125, 0.0296506751, 0.0110016774, 0.8578125, 0.212128833
6.890625, -0.00648892485, 0.011041437, 0.8625, 0.211967155
6.928125, 0.0177020188, 0.0109804419, 0.8671875, 0.211804718
6.965625, 0.0194630995, 0.01114088, 0.871875, 0.21164149
7.003125, 0.0168682821, 0.0111685541, 0.8765625, 0.211477488
7.040625, 0.00774062425, 0.0113128995, 0.88125, 0.211312711
7.078125, 0.0300572515, 0.0112900597, 0.8859375, 0.211147159
7.115625, 0.0147884032, 0.0116095738, 0.890625, 0.210980847
7.153125, 0.0191904213, 0.0116474337, 0.8953125, 0.210813776
7.190625, 0.0264505763, 0.0117099916, 0.9, 0.210645914
7.228125, 0.038569998, 0.0119082908, 0.9046875, 0.210477307
7.265625, 0.0224340707, 0.0119338092, 0.909375, 0.210307926
7.303125, 0.0362269096, 0.0120190658, 0.9140625, 0.210137799
7.340625, 0.0578587018, 0.0120628305, 0.91875, 0.209966898
7.378125, 0.0119418586, 0.0123959329, 0.9234375, 0.209795237
7.415625, 0.0272419918, 0.0121933761, 0.928125, 0.20962283
7.453125, 0.0445611067, 0.0124775192, 0.9328125, 0.209449664
7.490625, 0.00796701759, 0.0126702312, 0.9375, 0.209275752
7.528125, 0.0345917419, 0.0127805051, 0.9421875, 0.209101081
7.565625, 0.04681262, 0.0126960019, 0.946875, 0.208925664
7.603125, 0.033946868, 0.0129049661, 0.9515625, 0.208749503
7.640625, 0.0487776436, 0.0130388089, 0.95625, 0.208572596
7.678125, 0.0625122339, 0.0128768762, 0.9609375, 0.208394945
7.715625, 0.0290341489, 0.0132270515, 0.965625, 0.208216548
7.753125, 0.0555026457, 0.0132754371, 0.9703125, 0.208037406
7.790625, 0.0374827124, 0.013321863, 0.975, 0.207857534
7.828125, 0.0224040058, 0.013488386, 0.9796875, 0.207676917
7.865625, 0.0501310602, 0.0136338692, 0.984375, 0.20749557
7.903125, 0.012375257, 0.01396242, 0.9890625, 0.207313493
7.940625, 0.0488242209, 0.0138717429, 0.99375, 0.207130685
7.978125, 0.0359520763, 0.0141309094, 0.9984375, 0.206947148
 , , , 1.003125, 0.20676288
 , , , 1.0078125, 0.206577882
 , , , 1.0125, 0.206392169
 , , , 1.0171875, 0.206205726
 , , , 1.021875, 0.206018567
 , , , 1.0265625, 0.205830693
 , , , 1.03125, 0.205642104
 , , , 1.0359375, 0.205452785
 , , , 1.040625, 0.205262765
 , , , 1.0453125, 0.20507203
 , , , 1.05, 0.204880595
 , , , 1.0546875, 0.204688445
 , , , 1.059375, 0.204495594
 , , , 1.0640625, 0.204302028
 , , , 1.06875, 0.204107776
 , , , 1.0734375, 0.203912809
 , , , 1.078125, 0.203717157
 , , , 1.0828125, 0.203520805
 , , , 1.0875, 0.203323767
 , , , 1.0921875, 0.203126028
 , , , 1.096875, 0.202927604
 , , , 1.1015625, 0.20272848
 , , , 1.10625, 0.202528685
 , , , 1.1109375, 0.202328205
 , , , 1.115625, 0.202127039
 , , , 1.1203125, 0.201925188
 , , , 1.125, 0.201722667
 , , , 1.1296875, 0.201519474
 , , , 1.134375, 0.201315597
 , , , 1.1390625, 0.201111048
 , , , 1.14375, 0.20090583
 , , , 1.1484375, 0.200699955
 , , , 1.153125, 0.20049341
 , , , 1.1578125, 0.200286195
 , , , 1.1625, 0.200078323
 , , , 1.1671875, 0.199869782
 , , , 1.171875, 0.199660584
 , , , 1.1765625, 0.199450746
 , , , 1.18125, 0.199240237
 , , , 1.1859375, 0.199029088
 , , , 1.190625, 0.198817283
 , , , 1.1953125, 0.198604837
 , , , 1.2, 0.19839175
 , , , 1.2046875, 0.198178008
 , , , 1.209375, 0.197963625
 , , , 1.2140625, 0.197748616
 , , , 1.21875, 0.197532952
 , , , 1.2234375, 0.197316661
 , , , 1.228125, 0.197099745
 , , , 1.2328125, 0.196882188
 , , , 1.2375, 0.19666402
 , , , 1.2421875, 0.196445212
 , , , 1.246875, 0.196225777
 , , , 1.2515625, 0.196005717
 , , , 1.25625, 0.195785046
 , , , 1.2609375, 0.195563763
 , , , 1.265625, 0.195341855
 , , , 1.2703125, 0.195119336
 , , , 1.275, 0.194896206
 , , , 1.2796875, 0.194672465
 , , , 1.284375, 0.194448113
 , , , 1.2890625, 0.194223166
 , , , 1.29375, 0.193997607
 , , , 1.2984375, 0.193771452
 , , , 1.303125, 0.193544701
 , , , 1.3078125, 0.193317354
 , , , 1.3125, 0.193089411
 , , , 1.3171875, 0.192860886
 , , , 1.321875, 0.192631766
 , , , 1.3265625, 0.19240205
 , , , 1.33125, 0.192171752
 , , , 1.3359375, 0.191940874
 , , , 1.340625, 0.191709429
 , , , 1.3453125, 0.191477388
 , , , 1.35, 0.191244781
 , , , 1.3546875, 0.191011593
 , , , 1.359375, 0.190777838
 , , , 1.3640625, 0.190543517
 , , , 1.36875, 0.190308616
 , , , 1.3734375, 0.190073162
 , , , 1.378125, 0.189837143
 , , , 1.3828125, 0.189600572
 , , , 1.3875, 0.189363435
 , , , 1.3921875, 0.189125732
 , , , 1.396875, 0.188887492
 , , , 1.4015625, 0.188648701
 , , , 1.40625, 0.188409358
 , , , 1.4109375, 0.188169464
 , , , 1.415625, 0.187929019
 , , , 1.4203125, 0.187688053
 , , , 1.425, 0.187446535
 , , , 1.4296875, 0.18720448
 , , , 1.434375, 0.186961889
 , , , 1.4390625, 0.186718777
 , , , 1.44375, 0.186475128
 , , , 1.4484375, 0.186230943
 , , , 1.453125, 0.185986251
 , , , 1.4578125, 0.185741022
 , , , 1.4625, 0.185495272
 , , , 1.4671875, 0.185249016
 , , , 1.471875, 0.185002223
 , , , 1.4765625, 0.184754938
 , , , 1.48125, 0.184507132
 , , , 1.4859375, 0.184258819
 , , , 1.490625, 0.184009999
 , , , 1.4953125, 0.183760673
 , , , 1.5, 0.18351084
 , , , 1.5046875, 0.183260515
 , , , 1.509375, 0.183009699
 , , , 1.5140625, 0.182758376
 , , , 1.51875, 0.182506561
 , , , 1.5234375, 0.18225427
 , , , 1.528125, 0.182001486
 , , , 1.5328125, 0.181748211
 , , , 1.5375, 0.18149446
 , , , 1.5421875, 0.181240216
 , , , 1.546875, 0.18098551
 , , , 1.5515625, 0.180730313
 , , , 1.55625, 0.180474654
 , , , 1.5609375, 0.180218533
 , , , 1.565625, 0.17996192
 , , , 1.5703125, 0.17970486
 , , , 1.575, 0.179447338
 , , , 1.5796875, 0.179189339
 , , , 1.584375, 0.178930894
 , , , 1.5890625, 0.178671986
 , , , 1.59375, 0.178412631
 , , , 1.5984375, 0.178152829
 , , , 1.603125, 0.177892566
 , , , 1.6078125, 0.17763187
 , , , 1.6125, 0.177370727
 , , , 1.6171875, 0.177109137
 , , , 1.621875, 0.176847115
 , , , 1.6265625, 0.176584646
 , , , 1.63125, 0.176321745
 , , , 1.6359375, 0.176058426
 , , , 1.640625, 0.175794661
 , , , 1.6453125, 0.175530478
 , , , 1.65, 0.175265878
 , , , 1.6546875, 0.175000846
 , , , 1.659375, 0.174735397
 , , , 1.6640625, 0.174469531
 , , , 1.66875, 0.174203247
 , , , 1.6734375, 0.173936561
 , , , 1.678125, 0.173669457
 , , , 1.6828125, 0.173401952
 , , , 1.6875, 0.173134044
 , , , 1.6921875, 0.172865734
 , , , 1.696875, 0.172597021
 , , , 1.7015625, 0.172327921
 , , , 1.70625, 0.172058418
 , , , 1.7109375, 0.171788529
 , , , 1.715625, 0.171518251
 , , , 1.7203125, 0.171247572
 , , , 1.725, 0.17097652
 , , , 1.7296875, 0.170705095
 , , , 1.734375, 0.170433283
 , , , 1.7390625, 0.170161098
 , , , 1.74375, 0.169888526
 , , , 1.7484375, 0.169615597
 , , , 1.753125, 0.169342294
 , , , 1.7578125, 0.16906862
 , , , 1.7625, 0.168794587
 , , , 1.7671875, 0.168520197
 , , , 1.771875, 0.168245435
 , , , 1.7765625, 0.16797033
 , , , 1.78125, 0.167694867
 , , , 1.7859375, 0.167419046
 , , , 1.790625, 0.167142883
 , , , 1.7953125, 0.166866377
 , , , 1.8, 0.166589528
 , , , 1.8046875, 0.166312337
 , , , 1.809375, 0.166034803
 , , , 1.8140625, 0.165756926
 , , , 1.81875, 0.165478721
 , , , 1.8234375, 0.165200189
 , , , 1.828125, 0.164921328
 , , , 1.8328125, 0.164642155
 , , , 1.8375, 0.164362639
 , , , 1.8421875, 0.16408281
 , , , 1.846875, 0.163802654
 , , , 1.8515625, 0.163522199
 , , , 1.85625, 0.163241416
 , , , 1.8609375, 0.162960336
 , , , 1.865625, 0.162678942
 , , , 1.8703125, 0.162397236
 , , , 1.875, 0.162115231
 , , , 1.8796875, 0.161832929
 , , , 1.884375, 0.161550328
 , , , 1.8890625, 0.16126743
 , , , 1.89375, 0.160984248
 , , , 1.8984375, 0.160700768
 , , , 1.903125, 0.160417005
 , , , 1.9078125, 0.160132959
 , , , 1.9125, 0.159848616
 , , , 1.9171875, 0.159564003
 , , , 1.921875, 0.159279123
 , , , 1.9265625, 0.158993959
 , , , 1.93125, 0.158708528
 , , , 1.9359375, 0.158422813
 , , , 1.940625, 0.158136845
 , , , 1.9453125, 0.157850608
 , , , 1.95, 0.157564119
 , , , 1.9546875, 0.157277361
 , , , 1.959375, 0.156990349
 , , , 1.9640625, 0.156703085
 , , , 1.96875, 0.156415567
 , , , 1.9734375, 0.156127796
 , , , 1.978125, 0.155839786
 , , , 1.9828125, 0.155551523
 , , , 1.9875, 0.155263036
 , , , 1.9921875, 0.154974297
 , , , 1.996875, 0.154685318
 , , , 2.0015625, 0.154396117
 , , , 2.00625, 0.154106677
 , , , 2.0109375, 0.153817028
 , , , 2.015625, 0.153527126
 , , , 2.0203125, 0.153237015
 , , , 2.025, 0.152946696
 , , , 2.0296875, 0.152656138
 , , , 2.034375, 0.152365372
 , , , 2.0390625, 0.152074397
 , , , 2.04375, 0.151783213
 , , , 2.0484375, 0.151491821
 , , , 2.053125, 0.15120022
 , , , 2.0578125, 0.150908411
 , , , 2.0625, 0.150616407
 , , , 2.0671875, 0.150324211
 , , , 2.071875, 0.15003182
 , , , 2.0765625, 0.149739236
 , , , 2.08125, 0.149446458
 , , , 2.0859375, 0.149153501
 , , , 2.090625, 0.14886035
 , , , 2.0953125, 0.148567021
 , , , 2.1, 0.148273513
 , , , 2.1046875, 0.147979841
 , , , 2.109375, 0.147685975
 , , , 2.1140625, 0.147391945
 , , , 2.11875, 0.147097751
 , , , 2.1234375, 0.146803394
 , , , 2.128125, 0.146508858
 , , , 2.1328125, 0.146214172
 , , , 2.1375, 0.145919323
 , , , 2.1421875, 0.145624325
 , , , 2.146875, 0.145329162
 , , , 2.1515625, 0.145033866
 , , , 2.15625, 0.144738406
 , , , 2.1609375, 0.144442797
 , , , 2.165625, 0.144147053
 , , , 2.1703125, 0.143851176
 , , , 2.175, 0.143555149
 , , , 2.1796875, 0.143258989
 , , , 2.184375, 0.142962709
 , , , 2.1890625, 0.14266628
 , , , 2.19375, 0.142369732
 , , , 2.1984375, 0.142073065
 , , , 2.203125, 0.141776264
 , , , 2.2078125, 0.141479343
 , , , 2.2125, 0.141182303
 , , , 2.2171875, 0.140885159
 , , , 2.221875, 0.140587896
 , , , 2.2265625, 0.140290529
 , , , 2.23125, 0.139993042
 , , , 2.2359375, 0.139695466
 , , , 2.240625, 0.13939777
 , , , 2.2453125, 0.139099985
 , , , 2.25, 0.138802111
 , , , 2.2546875, 0.138504133
 , , , 2.259375, 0.138206065
 , , , 2.2640625, 0.137907907
 , , , 2.26875, 0.137609661
 , , , 2.2734375, 0.137311324
 , , , 2.278125, 0.137012914
 , , , 2.2828125, 0.136714414
 , , , 2.2875, 0.136415854
 , , , 2.2921875, 0.136117205
 , , , 2.296875, 0.135818496
 , , , 2.3015625, 0.135519713
 , , , 2.30625, 0.135220855
 , , , 2.3109375, 0.134921938
 , , , 2.315625, 0.134622961
 , , , 2.3203125, 0.134323925
 , , , 2.325, 0.134024829
 , , , 2.3296875, 0.133725688
 , , , 2.334375, 0.133426487
 , , , 2.3390625, 0.133127242
 , , , 2.34375, 0.132827938
 , , , 2.3484375, 0.132528603
 , , , 2.353125, 0.132229224
 , , , 2.3578125, 0.1319298
 , , , 2.3625, 0.131630346
 , , , 2.3671875, 0.131330863
 , , , 2.371875, 0.131031334
 , , , 2.3765625, 0.130731776
 , , , 2.38125, 0.130432203
 , , , 2.3859375, 0.130132601
 , , , 2.390625, 0.129832983
 , , , 2.3953125, 0.129533336
 , , , 2.4, 0.129233673
 , , , 2.4046875, 0.128933996
 , , , 2.409375, 0.128634319
 , , , 2.4140625, 0.128334612
 , , , 2.41875, 0.12803492
 , , , 2.4234375, 0.127735212
 , , , 2.428125, 0.127435505
 , , , 2.4328125, 0.127135798
 , , , 2.4375, 0.126836091
 , , , 2.4421875, 0.126536384
 , , , 2.446875, 0.126236692
 , , , 2.4515625, 0.125937015
 , , , 2.45625, 0.125637338
 , , , 2.4609375, 0.12533769
 , , , 2.465625, 0.125038058
 , , , 2.4703125, 0.12473844
 , , , 2.475, 0.124438845
 , , , 2.4796875, 0.124139279
 , , , 2.484375, 0.123839736
 , , , 2.4890625, 0.12354023
 , , , 2.49375, 0.123240747
 , , , 2.4984375, 0.122941308
 , , , 2.503125, 0.122641899
 , , , 2.5078125, 0.122342534
 , , , 2.5125, 0.122043207
 , , , 2.5171875, 0.121743925
 , , , 2.521875, 0.121444695
 , , , 2.5265625, 0.121145509
 , , , 2.53125, 0.120846376
 , , , 2.5359375, 0.120547295
 , , , 2.540625, 0.120248273
 , , , 2.5453125, 0.119949311
 , , , 2.55, 0.119650409
 , , , 2.5546875, 0.119351566
 , , , 2.559375, 0.119052798
 , , , 2.5640625, 0.118754089
 , , , 2.56875, 0.118455455
 , , , 2.5734375, 0.118156895
 , , , 2.578125, 0.11785841
 , , , 2.5828125, 0.117560007
 , , , 2.5875, 0.117261678
 , , , 2.5921875, 0.116963431
 , , , 2.596875, 0.116665274
 , , , 2.6015625, 0.116367199
 , , , 2.60625, 0.116069213
 , , , 2.6109375, 0.115771323
 , , , 2.615625, 0.115473524
 , , , 2.6203125, 0.115175828
 , , , 2.625, 0.114878222
 , , , 2.6296875, 0.114580721
 , , , 2.634375, 0.114283323
 , , , 2.6390625, 0.113986038
 , , , 2.64375, 0.113688856
 , , , 2.6484375, 0.113391779
 , , , 2.653125, 0.113094822
 , , , 2.6578125, 0.112797976
 , , , 2.6625, 0.112501249
 , , , 2.6671875, 0.112204641
 , , , 2.671875, 0.11190816
 , , , 2.6765625, 0.111611798
 , , , 2.68125, 0.111315563
 , , , 2.6859375, 0.111019462
 , , , 2.690625, 0.110723488
 , , , 2.6953125, 0.110427648
 , , , 2.7, 0.110131942
 , , , 2.7046875, 0.109836377
 , , , 2.709375, 0.109540947
 , , , 2.7140625, 0.109245665
 , , , 2.71875, 0.108950526
 , , , 2.7234375, 0.108655535
 , , , 2.728125, 0.108360693
 , , , 2.7328125, 0.108066
 , , , 2.7375, 0.107771464
 , , , 2.7421875, 0.107477084
 , , , 2.746875, 0.10718286
 , , , 2.7515625, 0.106888793
 , , , 2.75625, 0.106594898
 , , , 2.7609375, 0.106301159
 , , , 2.765625, 0.106007591
 , , , 2.7703125, 0.105714194
 , , , 2.775, 0.105420969
 , , , 2.7796875, 0.105127916
 , , , 2.784375, 0.104835033
 , , , 2.7890625, 0.104542337
 , , , 2.79375, 0.10424982
 , , , 2.7984375, 0.103957482
 , , , 2.803125, 0.10366533
 , , , 2.8078125, 0.103373364
 , , , 2.8125, 0.103081584
 , , , 2.8171875, 0.102790006
 , , , 2.821875, 0.102498613
 , , , 2.8265625, 0.102207415
 , , , 2.83125, 0.101916417
 , , , 2.8359375, 0.101625614
 , , , 2.840625, 0.101335019
 , , , 2.8453125, 0.101044625
 , , , 2.85, 0.10075444
 , , , 2.8546875, 0.100464463
 , , , 2.859375, 0.100174695
 , , , 2.8640625, 0.0998851359
 , , , 2.86875, 0.0995957926
 , , , 2.8734375, 0.0993066728
 , , , 2.878125, 0.0990177616
 , , , 2.8828125, 0.0987290815
 , , , 2.8875, 0.0984406173
 , , , 2.8921875, 0.0981523842
 , , , 2.896875, 0.0978643745
 , , , 2.9015625, 0.0975765884
 , , , 2.90625, 0.0972890407
 , , , 2.9109375, 0.0970017239
 , , , 2.915625, 0.0967146456
 , , , 2.9203125, 0.0964278057
 , , , 2.925, 0.0961412042
 , , , 2.9296875, 0.0958548412
 , , , 2.934375, 0.095568724
 , , , 2.9390625, 0.0952828526
 , , , 2.94375, 0.0949972272
 , , , 2.9484375, 0.0947118551
 , , , 2.953125, 0.0944267288
 , , , 2.9578125, 0.0941418633
 , , , 2.9625, 0.0938572437
 , , , 2.9671875, 0.0935728922
 , , , 2.971875, 0.0932887942
 , , , 2.9765625, 0.0930049643
 , , , 2.98125, 0.0927213877
 , , , 2.9859375, 0.0924380869
 , , , 2.990625, 0.0921550468
 , , , 2.9953125, 0.0918722823
 , , , 3, 0.0915897861
 , , , 3.0046875, 0.0913075656
 , , , 3.009375, 0.0910256207
 , , , 3.0140625, 0.0907439515
 , , , 3.01875, 0.0904625654
 , , , 3.0234375, 0.090181455
 , , , 3.028125, 0.0899006277
 , , , 3.0328125, 0.089620091
 , , , 3.0375, 0.0893398374
 , , , 3.0421875, 0.0890598744
 , , , 3.046875, 0.0887802094
 , , , 3.0515625, 0.0885008276
 , , , 3.05625, 0.0882217437
 , , , 3.0609375, 0.0879429579
 , , , 3.065625, 0.0876644701
 , , , 3.0703125, 0.0873862803
 , , , 3.075, 0.087108396
 , , , 3.0796875, 0.0868308172
 , , , 3.084375, 0.0865535364
 , , , 3.0890625, 0.0862765759
 , , , 3.09375, 0.0859999135
 , , , 3.0984375, 0.0857235715
 , , , 3.103125, 0.0854475349
 , , , 3.1078125, 0.0851718187
 , , , 3.1125, 0.0848964229
 , , , 3.1171875, 0.08462134
 , , , 3.121875, 0.084346585
 , , , 3.1265625, 0.0840721503
 , , , 3.13125, 0.083798036
 , , , 3.1359375, 0.0835242495
 , , , 3.140625, 0.0832507908
 , , , 3.1453125, 0.0829776675
 , , , 3.15, 0.0827048719
 , , , 3.1546875, 0.0824324116
 , , , 3.159375, 0.0821602792
 , , , 3.1640625, 0.0818884894
 , , , 3.16875, 0.0816170424
 , , , 3.1734375, 0.0813459307
 , , , 3.178125, 0.0810751617
 , , , 3.1828125, 0.0808047354
 , , , 3.1875, 0.0805346593
 , , , 3.1921875, 0.080264926
 , , , 3.196875, 0.0799955502
 , , , 3.2015625, 0.0797265172
 , , , 3.20625, 0.0794578418
 , , , 3.2109375, 0.0791895166
 , , , 3.215625, 0.078921549
 , , , 3.2203125, 0.0786539391
 , , , 3.225, 0.0783866867
 , , , 3.2296875, 0.0781197995
 , , , 3.234375, 0.0778532699
 , , , 3.2390625, 0.0775871128
 , , , 3.24375, 0.0773213208
 , , , 3.2484375, 0.0770558864
 , , , 3.253125, 0.076790832
 , , , 3.2578125, 0.0765261427
 , , , 3.2625, 0.0762618333
 , , , 3.2671875, 0.0759978965
 , , , 3.271875, 0.0757343322
 , , , 3.2765625, 0.0754711479
 , , , 3.28125, 0.0752083361
 , , , 3.2859375, 0.0749459118
 , , , 3.290625, 0.0746838674
 , , , 3.2953125, 0.0744222105
 , , , 3.3, 0.0741609409
 , , , 3.3046875, 0.0739000514
 , , , 3.309375, 0.0736395568
 , , , 3.3140625, 0.0733794495
 , , , 3.31875, 0.0731197372
 , , , 3.3234375, 0.0728604198
 , , , 3.328125, 0.0726014972
 , , , 3.3328125, 0.0723429695
 , , , 3.3375, 0.0720848367
 , , , 3.3421875, 0.0718271062
 , , , 3.346875, 0.071569778
 , , , 3.3515625, 0.0713128522
 , , , 3.35625, 0.0710563287
 , , , 3.3609375, 0.070800215
 , , , 3.365625, 0.0705445036
 , , , 3.3703125, 0.0702892095
 , , , 3.375, 0.0700343177
 , , , 3.3796875, 0.0697798431
 , , , 3.384375, 0.0695257783
 , , , 3.3890625, 0.0692721307
 , , , 3.39375, 0.0690189004
 , , , 3.3984375, 0.0687660798
 , , , 3.403125, 0.068513684
 , , , 3.4078125, 0.0682617128
 , , , 3.4125, 0.0680101588
 , , , 3.4171875, 0.0677590296
 , , , 3.421875, 0.067508325
 , , , 3.4265625, 0.0672580525
 , , , 3.43125, 0.0670081973
 , , , 3.4359375, 0.0667587817
 , , , 3.440625, 0.0665097907
 , , , 3.4453125, 0.0662612319
 , , , 3.45, 0.0660131052
 , , , 3.4546875, 0.0657654181
 , , , 3.459375, 0.0655181631
 , , , 3.4640625, 0.0652713478
 , , , 3.46875, 0.065024972
 , , , 3.4734375, 0.0647790357
 , , , 3.478125, 0.0645335391
 , , , 3.4828125, 0.0642884821
 , , , 3.4875, 0.0640438795
 , , , 3.4921875, 0.0637997165
 , , , 3.496875, 0.0635560006
 , , , 3.5015625, 0.0633127317
 , , , 3.50625, 0.0630699098
 , , , 3.5109375, 0.0628275499
 , , , 3.515625, 0.0625856295
 , , , 3.5203125, 0.0623441711
 , , , 3.525, 0.0621031635
 , , , 3.5296875, 0.061862614
 , , , 3.534375, 0.061622519
 , , , 3.5390625, 0.061382886
 , , , 3.54375, 0.0611437112
 , , , 3.5484375, 0.0609049946
 , , , 3.553125, 0.0606667437
 , , , 3.5578125, 0.0604289547
 , , , 3.5625, 0.0601916313
 , , , 3.5671875, 0.0599547774
 , , , 3.571875, 0.0597183853
 , , , 3.5765625, 0.0594824627
 , , , 3.58125, 0.0592470132
 , , , 3.5859375, 0.0590120293
 , , , 3.590625, 0.0587775223
 , , , 3.5953125, 0.0585434847
 , , , 3.6, 0.0583099239
 , , , 3.6046875, 0.0580768362
 , , , 3.609375, 0.057844229
 , , , 3.6140625, 0.057612095
 , , , 3.61875, 0.0573804416
 , , , 3.6234375, 0.0571492724
 , , , 3.628125, 0.0569185801
 , , , 3.6328125, 0.056688372
 , , , 3.6375, 0.0564586446
 , , , 3.6421875, 0.0562294051
 , , , 3.646875, 0.0560006499
 , , , 3.6515625, 0.0557723828
 , , , 3.65625, 0.0555445999
 , , , 3.6609375, 0.0553173125
 , , , 3.665625, 0.0550905094
 , , , 3.6703125, 0.0548642017
 , , , 3.675, 0.054638382
 , , , 3.6796875, 0.0544130579
 , , , 3.684375, 0.0541882291
 , , , 3.6890625, 0.0539638959
 , , , 3.69375, 0.0537400581
 , , , 3.6984375, 0.0535167158
 , , , 3.703125, 0.0532938763
 , , , 3.7078125, 0.0530715324
 , , , 3.7125, 0.0528496914
 , , , 3.7171875, 0.0526283495
 , , , 3.721875, 0.0524075143
 , , , 3.7265625, 0.0521871783
 , , , 3.73125, 0.0519673489
 , , , 3.7359375, 0.0517480262
 , , , 3.740625, 0.0515292101
 , , , 3.7453125, 0.0513109006
 , , , 3.75, 0.0510930978
 , , , 3.7546875, 0.0508758053
 , , , 3.759375, 0.050659027
 , , , 3.7640625, 0.0504427552
 , , , 3.76875, 0.0502269976
 , , , 3.7734375, 0.050011754
 , , , 3.778125, 0.0497970209
 , , , 3.7828125, 0.0495828055
 , , , 3.7875, 0.0493691042
 , , , 3.7921875, 0.0491559245
 , , , 3.796875, 0.0489432588
 , , , 3.8015625, 0.048731111
 , , , 3.80625, 0.0485194847
 , , , 3.8109375, 0.0483083762
 , , , 3.815625, 0.0480977893
 , , , 3.8203125, 0.0478877276
 , , , 3.825, 0.0476781838
 , , , 3.8296875, 0.0474691689
 , , , 3.834375, 0.0472606756
 , , , 3.8390625, 0.0470527075
 , , , 3.84375, 0.0468452685
 , , , 3.8484375, 0.0466383509
 , , , 3.853125, 0.0464319661
 , , , 3.8578125, 0.0462261103
 , , , 3.8625, 0.0460207798
 , , , 3.8671875, 0.0458159819
 , , , 3.871875, 0.0456117168
 , , , 3.8765625, 0.0454079807
 , , , 3.88125, 0.0452047773
 , , , 3.8859375, 0.0450021103
 , , , 3.890625, 0.0447999761
 , , , 3.8953125, 0.0445983745
 , , , 3.9, 0.0443973094
 , , , 3.9046875, 0.0441967808
 , , , 3.909375, 0.0439967923
 , , , 3.9140625, 0.0437973365
 , , , 3.91875, 0.0435984209
 , , , 3.9234375, 0.0434000455
 , , , 3.928125, 0.0432022102
 , , , 3.9328125, 0.0430049151
 , , , 3.9375, 0.0428081639
 , , , 3.9421875, 0.0426119491
 , , , 3.946875, 0.042416282
 , , , 3.9515625, 0.042221155
 , , , 3.95625, 0.0420265719
 , , , 3.9609375, 0.0418325365
 , , , 3.965625, 0.0416390449
 , , , 3.9703125, 0.0414460972
 , , , 3.975, 0.0412536971
 , , , 3.9796875, 0.0410618447
 , , , 3.984375, 0.0408705436
 , , , 3.9890625, 0.0406797864
 , , , 3.99375, 0.0404895805
 , , , 3.9984375, 0.0402999222
 , , , 4.003125, 0.0401108153
 , , , 4.0078125, 0.0399222597
 , , , 4.0125, 0.0397342518
 , , , 4.0171875, 0.0395467989
 , , , 4.021875, 0.0393599011
 , , , 4.0265625, 0.0391735509
 , , , 4.03125, 0.0389877595
 , , , 4.0359375, 0.0388025194
 , , , 4.040625, 0.0386178344
 , , , 4.0453125, 0.0384337045
 , , , 4.05, 0.0382501334
 , , , 4.0546875, 0.0380671136
 , , , 4.059375, 0.0378846563
 , , , 4.0640625, 0.0377027504
 , , , 4.06875, 0.037521407
 , , , 4.0734375, 0.0373406187
 , , , 4.078125, 0.0371603929
 , , , 4.0828125, 0.0369807221
 , , , 4.0875, 0.0368016139
 , , , 4.0921875, 0.0366230682
 , , , 4.096875, 0.0364450775
 , , , 4.1015625, 0.0362676531
 , , , 4.10625, 0.0360907875
 , , , 4.1109375, 0.0359144844
 , , , 4.115625, 0.0357387438
 , , , 4.1203125, 0.0355635658
 , , , 4.125, 0.035388954
 , , , 4.1296875, 0.035214901
 , , , 4.134375, 0.0350414179
 , , , 4.1390625, 0.0348684937
 , , , 4.14375, 0.0346961394
 , , , 4.1484375, 0.0345243476
 , , , 4.153125, 0.0343531221
 , , , 4.1578125, 0.0341824628
 , , , 4.1625, 0.0340123698
 , , , 4.1671875, 0.0338428468
 , , , 4.171875, 0.0336738862
 , , , 4.1765625, 0.0335054956
 , , , 4.18125, 0.033337675
 , , , 4.1859375, 0.0331704207
 , , , 4.190625, 0.0330037326
 , , , 4.1953125, 0.0328376181
 , , , 4.2, 0.03267207
 , , , 4.2046875, 0.0325070918
 , , , 4.209375, 0.0323426835
 , , , 4.2140625, 0.0321788453
 , , , 4.21875, 0.032015577
 , , , 4.2234375, 0.0318528786
 , , , 4.228125, 0.031690754
 , , , 4.2328125, 0.0315291993
 , , , 4.2375, 0.0313682146
 , , , 4.2421875, 0.0312078055
 , , , 4.246875, 0.0310479663
 , , , 4.2515625, 0.030888699
 , , , 4.25625, 0.0307300054
 , , , 4.2609375, 0.0305718835
 , , , 4.265625, 0.0304143354
 , , , 4.2703125, 0.030257361
 , , , 4.275, 0.0301009603
 , , , 4.2796875, 0.0299451314
 , , , 4.284375, 0.0297898781
 , , , 4.2890625, 0.0296351984
 , , , 4.29375, 0.0294810925
 , , , 4.2984375, 0.0293275621
 , , , 4.303125, 0.0291746054
 , , , 4.3078125, 0.0290222242
 , , , 4.3125, 0.0288704187
 , , , 4.3171875, 0.0287191868
 , , , 4.321875, 0.0285685305
 , , , 4.3265625, 0.0284184497
 , , , 4.33125, 0.0282689463
 , , , 4.3359375, 0.0281200167
 , , , 4.340625, 0.0279716626
 , , , 4.3453125, 0.0278238859
 , , , 4.35, 0.0276766848
 , , , 4.3546875, 0.0275300611
 , , , 4.359375, 0.0273840111
 , , , 4.3640625, 0.0272385404
 , , , 4.36875, 0.0270936452
 , , , 4.3734375, 0.0269493256
 , , , 4.378125, 0.0268055834
 , , , 4.3828125, 0.0266624186
 , , , 4.3875, 0.0265198294
 , , , 4.3921875, 0.0263778176
 , , , 4.396875, 0.0262363832
 , , , 4.4015625, 0.0260955263
 , , , 4.40625, 0.0259552449
 , , , 4.4109375, 0.0258155409
 , , , 4.415625, 0.0256764144
 , , , 4.4203125, 0.0255378652
 , , , 4.425, 0.0253998935
 , , , 4.4296875, 0.0252624992
 , , , 4.434375, 0.0251256805
 , , , 4.4390625, 0.024989441
 , , , 4.44375, 0.0248537771
 , , , 4.4484375, 0.0247186907
 , , , 4.453125, 0.0245841835
 , , , 4.4578125, 0.0244502518
 , , , 4.4625, 0.0243168958
 , , , 4.4671875, 0.024184119
 , , , 4.471875, 0.0240519196
 , , , 4.4765625, 0.0239202958
 , , , 4.48125, 0.0237892494
 , , , 4.4859375, 0.0236587804
 , , , 4.490625, 0.023528887
 , , , 4.4953125, 0.023399571
 , , , 4.5, 0.0232708324
 , , , 4.5046875, 0.0231426693
 , , , 4.509375, 0.0230150837
 , , , 4.5140625, 0.0228880737
 , , , 4.51875, 0.0227616411
 , , , 4.5234375, 0.022635784
 , , , 4.528125, 0.0225105044
 , , , 4.5328125, 0.0223857984
 , , , 4.5375, 0.0222616699
 , , , 4.5421875, 0.0221381169
 , , , 4.546875, 0.0220151395
 , , , 4.5515625, 0.0218927395
 , , , 4.55625, 0.0217709132
 , , , 4.5609375, 0.0216496605
 , , , 4.565625, 0.0215289854
 , , , 4.5703125, 0.0214088839
 , , , 4.575, 0.0212893579
 , , , 4.5796875, 0.0211704057
 , , , 4.584375, 0.021052029
 , , , 4.5890625, 0.020934226
 , , , 4.59375, 0.0208169967
 , , , 4.5984375, 0.0207003411
 , , , 4.603125, 0.020584261
 , , , 4.6078125, 0.0204687528
 , , , 4.6125, 0.0203538183
 , , , 4.6171875, 0.0202394556
 , , , 4.621875, 0.0201256685
 , , , 4.6265625, 0.0200124513
 , , , 4.63125, 0.0198998079
 , , , 4.6359375, 0.0197877362
 , , , 4.640625, 0.0196762364
 , , , 4.6453125, 0.0195653085
 , , , 4.65, 0.0194549505
 , , , 4.6546875, 0.0193451662
 , , , 4.659375, 0.0192359518
 , , , 4.6640625, 0.0191273075
 , , , 4.66875, 0.0190192331
 , , , 4.6734375, 0.0189117286
 , , , 4.678125, 0.018804796
 , , , 4.6828125, 0.0186984316
 , , , 4.6875, 0.0185926352
 , , , 4.6921875, 0.0184874088
 , , , 4.696875, 0.0183827523
 , , , 4.7015625, 0.0182786621
 , , , 4.70625, 0.0181751419
 , , , 4.7109375, 0.0180721879
 , , , 4.715625, 0.0179698002
 , , , 4.7203125, 0.0178679805
 , , , 4.725, 0.017766729
 , , , 4.7296875, 0.0176660419
 , , , 4.734375, 0.0175659209
 , , , 4.7390625, 0.0174663663
 , , , 4.74375, 0.017367376
 , , , 4.7484375, 0.017268952
 , , , 4.753125, 0.0171710923
 , , , 4.7578125, 0.0170737952
 , , , 4.7625, 0.0169770643
 , , , 4.7671875, 0.0168808941
 , , , 4.771875, 0.0167852882
 , , , 4.7765625, 0.0166902468
 , , , 4.78125, 0.0165957659
 , , , 4.7859375, 0.0165018458
 , , , 4.790625, 0.0164084882
 , , , 4.7953125, 0.0163156912
 , , , 4.8, 0.0162234567
 , , , 4.8046875, 0.016131781
 , , , 4.809375, 0.0160406642
 , , , 4.8140625, 0.0159501079
 , , , 4.81875, 0.0158601105
 , , , 4.8234375, 0.01577067
 , , , 4.828125, 0.0156817883
 , , , 4.8328125, 0.0155934654
 , , , 4.8375, 0.0155056985
 , , , 4.8421875, 0.0154184895
 , , , 4.846875, 0.0153318355
 , , , 4.8515625, 0.0152457375
 , , , 4.85625, 0.0151601946
 , , , 4.8609375, 0.0150752068
 , , , 4.865625, 0.0149907731
 , , , 4.8703125, 0.0149068926
 , , , 4.875, 0.0148235662
 , , , 4.8796875, 0.014740793
 , , , 4.884375, 0.0146585712
 , , , 4.8890625, 0.0145769017
 , , , 4.89375, 0.0144957835
 , , , 4.8984375, 0.0144152157
 , , , 4.903125, 0.0143351983
 , , , 4.9078125, 0.0142557314
 , , , 4.9125, 0.014176813
 , , , 4.9171875, 0.0140984431
 , , , 4.921875, 0.0140206218
 , , , 4.9265625, 0.0139433481
 , , , 4.93125, 0.0138666211
 , , , 4.9359375, 0.0137904407
 , , , 4.940625, 0.0137148062
 , , , 4.9453125, 0.0136397174
 , , , 4.95, 0.0135651734
 , , , 4.9546875, 0.0134911733
 , , , 4.959375, 0.0134177171
 , , , 4.9640625, 0.0133448038
 , , , 4.96875, 0.0132724335
 , , , 4.9734375, 0.0132006053
 , , , 4.978125, 0.0131293181
 , , , 4.9828125, 0.0130585711
 , , , 4.9875, 0.0129883653
 , , , 4.9921875, 0.0129186986
 , , , 4.996875, 0.0128495712
 , , , 5.0015625, 0.0127809811
 , , , 5.00625, 0.0127129303
 , , , 5.0109375, 0.012645415
 , , , 5.015625, 0.0125784371
 , , , 5.0203125, 0.0125119956
 , , , 5.025, 0.0124460878
 , , , 5.0296875, 0.0123807155
 , , , 5.034375, 0.0123158777
 , , , 5.0390625, 0.0122515727
 , , , 5.04375, 0.0121878004
 , , , 5.0484375, 0.0121245598
 , , , 5.053125, 0.0120618502
 , , , 5.0578125, 0.0119996723
 , , , 5.0625, 0.0119380243
 , , , 5.0671875, 0.0118769053
 , , , 5.071875, 0.0118163144
 , , , 5.0765625, 0.0117562525
 , , , 5.08125, 0.0116967177
 , , , 5.0859375, 0.0116377091
 , , , 5.090625, 0.0115792267
 , , , 5.0953125, 0.0115212705
 , , , 5.1, 0.0114638377
 , , , 5.1046875, 0.0114069292
 , , , 5.109375, 0.0113505442
 , , , 5.1140625, 0.0112946806
 , , , 5.11875, 0.0112393396
 , , , 5.1234375, 0.0111845201
 , , , 5.128125, 0.0111302203
 , , , 5.1328125, 0.0110764401
 , , , 5.1375, 0.0110231787
 , , , 5.1421875, 0.010970436
 , , , 5.146875, 0.0109182103
 , , , 5.1515625, 0.0108665014
 , , , 5.15625, 0.0108153084
 , , , 5.1609375, 0.0107646305
 , , , 5.165625, 0.0107144667
 , , , 5.1703125, 0.0106648169
 , , , 5.175, 0.0106156804
 , , , 5.1796875, 0.010567056
 , , , 5.184375, 0.010518943
 , , , 5.1890625, 0.0104713403
 , , , 5.19375, 0.0104242479
 , , , 5.1984375, 0.0103776651
 , , , 5.203125, 0.0103315897
 , , , 5.2078125, 0.010286022
 , , , 5.2125, 0.0102409618
 , , , 5.2171875, 0.0101964073
 , , , 5.221875, 0.0101523576
 , , , 5.2265625, 0.0101088127
 , , , 5.23125, 0.0100657707
 , , , 5.2359375, 0.0100232325
 , , , 5.240625, 0.00998119637
 , , , 5.2453125, 0.00993966032
 , , , 5.25, 0.00989862531
 , , , 5.2546875, 0.00985809043
 , , , 5.259375, 0.0098180538
 , , , 5.2640625, 0.00977851544
 , , , 5.26875, 0.00973947346
 , , , 5.2734375, 0.00970092881
 , , , 5.278125, 0.0096628787
 , , , 5.2828125, 0.00962532405
 , , , 5.2875, 0.009588263
 , , , 5.2921875, 0.00955169462
 , , , 5.296875, 0.00951561891
 , , , 5.3015625, 0.009480034
 , , , 5.30625, 0.0094449399
 , , , 5.3109375, 0.00941033568
 , , , 5.315625, 0.00937621947
 , , , 5.3203125, 0.00934259128
 , , , 5.325, 0.00930945016
 , , , 5.3296875, 0.0092767952
 , , , 5.334375, 0.00924462639
 , , , 5.3390625, 0.00921294093
 , , , 5.34375, 0.00918173976
 , , , 5.3484375, 0.00915102102
 , , , 5.353125, 0.00912078377
 , , , 5.3578125, 0.00909102708
 , , , 5.3625, 0.00906175189
 , , , 5.3671875, 0.00903295446
 , , , 5.371875, 0.00900463574
 , , , 5.3765625, 0.00897679478
 , , , 5.38125, 0.00894942973
 , , , 5.3859375, 0.00892254058
 , , , 5.390625, 0.00889612641
 , , , 5.3953125, 0.00887018628
 , , , 5.4, 0.00884471834
 , , , 5.4046875, 0.00881972257
 , , , 5.409375, 0.00879519805
 , , , 5.4140625, 0.00877114292
 , , , 5.41875, 0.00874755811
 , , , 5.4234375, 0.00872444082
 , , , 5.428125, 0.00870179106
 , , , 5.4328125, 0.00867960788
 , , , 5.4375, 0.00865789037
 , , , 5.4421875, 0.00863663759
 , , , 5.446875, 0.00861584861
 , , , 5.4515625, 0.00859552249
 , , , 5.45625, 0.00857565738
 , , , 5.4609375, 0.00855625328
 , , , 5.465625, 0.00853731018
 , , , 5.4703125, 0.00851882529
 , , , 5.475, 0.00850079861
 , , , 5.4796875, 0.00848322827
 , , , 5.484375, 0.00846611522
 , , , 5.4890625, 0.00844945665
 , , , 5.49375, 0.00843325257
 , , , 5.4984375, 0.00841750111
 , , , 5.503125, 0.00840220321
 , , , 5.5078125, 0.00838735607
 , , , 5.5125, 0.00837295875
 , , , 5.5171875, 0.00835901126
 , , , 5.521875, 0.00834551267
 , , , 5.5265625, 0.00833246112
 , , , 5.53125, 0.0083198566
 , , , 5.5359375, 0.00830769725
 , , , 5.540625, 0.00829598214
 , , , 5.5453125, 0.00828471035
 , , , 5.55, 0.00827388186
 , , , 5.5546875, 0.00826349482
 , , , 5.559375, 0.00825354829
 , , , 5.5640625, 0.00824404135
 , , , 5.56875, 0.00823497307
 , , , 5.5734375, 0.0082263425
 , , , 5.578125, 0.00821814872
 , , , 5.5828125, 0.00821039081
 , , , 5.5875, 0.00820306689
 , , , 5.5921875, 0.00819617696
 , , , 5.596875, 0.00818971917
 , , , 5.6015625, 0.00818369351
 , , , 5.60625, 0.00817809813
 , , , 5.6109375, 0.00817293301
 , , , 5.615625, 0.00816819631
 , , , 5.6203125, 0.00816388708
 , , , 5.625, 0.00816000439
 , , , 5.6296875, 0.00815654639
 , , , 5.634375, 0.00815351401
 , , , 5.6390625, 0.00815090444
 , , , 5.64375, 0.00814871863
 , , , 5.6484375, 0.00814695284
 , , , 5.653125, 0.00814560801
 , , , 5.6578125, 0.0081446832
 , , , 5.6625, 0.00814417563
 , , , 5.6671875, 0.00814408623
 , , , 5.671875, 0.00814441312
 , , , 5.6765625, 0.00814515445
 , , , 5.68125, 0.00814631116
 , , , 5.6859375, 0.00814788043
 , , , 5.690625, 0.00814986229
 , , , 5.6953125, 0.00815225486
 , , , 5.7, 0.00815505721
 , , , 5.7046875, 0.00815826934
 , , , 5.709375, 0.00816188939
 , , , 5.7140625, 0.0081659155
 , , , 5.71875, 0.00817034859
 , , , 5.7234375, 0.00817518588
 , , , 5.728125, 0.00818042737
 , , , 5.7328125, 0.00818607118
 , , , 5.7375, 0.00819211639
 , , , 5.7421875, 0.00819856301
 , , , 5.746875, 0.00820540916
 , , , 5.7515625, 0.00821265299
 , , , 5.75625, 0.00822029449
 , , , 5.7609375, 0.00822833274
 , , , 5.765625, 0.00823676586
 , , , 5.7703125, 0.00824559387
 , , , 5.775, 0.00825481489
 , , , 5.7796875, 0.008264428
 , , , 5.784375, 0.00827443134
 , , , 5.7890625, 0.00828482583
 , , , 5.79375, 0.00829560868
 , , , 5.7984375, 0.00830677897
 , , , 5.803125, 0.00831833668
 , , , 5.8078125, 0.00833027903
 , , , 5.8125, 0.00834260695
 , , , 5.8171875, 0.00835531857
 , , , 5.821875, 0.00836841203
 , , , 5.8265625, 0.00838188641
 , , , 5.83125, 0.00839574169
 , , , 5.8359375, 0.00840997603
 , , , 5.840625, 0.00842458848
 , , , 5.8453125, 0.00843957812
 , , , 5.85, 0.00845494308
 , , , 5.8546875, 0.00847068336
 , , , 5.859375, 0.00848679803
 , , , 5.8640625, 0.00850328431
 , , , 5.86875, 0.00852014218
 , , , 5.8734375, 0.00853737164
 , , , 5.878125, 0.00855496898
 , , , 5.8828125, 0.00857293606
 , , , 5.8875, 0.00859126914
 , , , 5.8921875, 0.00860996917
 , , , 5.896875, 0.00862903334
 , , , 5.9015625, 0.00864846166
 , , , 5.90625, 0.0086682532
 , , , 5.9109375, 0.00868840609
 , , , 5.915625, 0.00870892033
 , , , 5.9203125, 0.00872979313
 , , , 5.925, 0.00875102449
 , , , 5.9296875, 0.00877261348
 , , , 5.934375, 0.00879455917
 , , , 5.9390625, 0.00881685875
 , , , 5.94375, 0.00883951318
 , , , 5.9484375, 0.00886252057
 , , , 5.953125, 0.00888587907
 , , , 5.9578125, 0.00890958868
 , , , 5.9625, 0.00893364754
 , , , 5.9671875, 0.00895805471
 , , , 5.971875, 0.00898281019
 , , , 5.9765625, 0.0090079112
 , , , 5.98125, 0.00903335679
 , , , 5.9859375, 0.00905914698
 , , , 5.990625, 0.00908528082
 , , , 5.9953125, 0.00911175553
 , , , 6, 0.0091385711
 , , , 6.0046875, 0.00916572567
 , , , 6.009375, 0.00919321924
 , , , 6.0140625, 0.00922104996
 , , , 6.01875, 0.00924921688
 , , , 6.0234375, 0.00927771907
 , , , 6.028125, 0.00930655561
 , , , 6.0328125, 0.00933572464
 , , , 6.0375, 0.00936522521
 , , , 6.0421875, 0.0093950564
 , , , 6.046875, 0.00942521729
 , , , 6.0515625, 0.00945570692
 , , , 6.05625, 0.00948652346
 , , , 6.0609375, 0.00951766595
 , , , 6.065625, 0.00954913348
 , , , 6.0703125, 0.00958092511
 , , , 6.075, 0.0096130399
 , , , 6.0796875, 0.00964547601
 , , , 6.084375, 0.00967823248
 , , , 6.0890625, 0.0097113084
 , , , 6.09375, 0.00974470284
 , , , 6.0984375, 0.00977841485
 , , , 6.103125, 0.00981244259
 , , , 6.1078125, 0.00984678511
 , , , 6.1125, 0.00988144148
 , , , 6.1171875, 0.00991640985
 , , , 6.121875, 0.00995169114
 , , , 6.1265625, 0.00998728164
 , , , 6.13125, 0.0100231823
 , , , 6.1359375, 0.0100593911
 , , , 6.140625, 0.0100959064
 , , , 6.1453125, 0.0101327281
 , , , 6.15, 0.0101698544
 , , , 6.1546875, 0.0102072842
 , , , 6.159375, 0.0102450177
 , , , 6.1640625, 0.010283052
 , , , 6.16875, 0.0103213862
 , , , 6.1734375, 0.0103600193
 , , , 6.178125, 0.0103989514
 , , , 6.1828125, 0.0104381805
 , , , 6.1875, 0.0104777049
 , , , 6.1921875, 0.0105175236
 , , , 6.196875, 0.0105576366
 , , , 6.2015625, 0.010598042
 , , , 6.20625, 0.010638739
 , , , 6.2109375, 0.0106797256
 , , , 6.215625, 0.0107210018
 , , , 6.2203125, 0.0107625648
 , , , 6.225, 0.0108044157
 , , , 6.2296875, 0.0108465524
 , , , 6.234375, 0.0108889733
 , , , 6.2390625, 0.0109316781
 , , , 6.24375, 0.0109746642
 , , , 6.2484375, 0.0110179326
 , , , 6.253125, 0.0110614803
 , , , 6.2578125, 0.0111053074
 , , , 6.2625, 0.011149412
 , , , 6.2671875, 0.0111937942
 , , , 6.271875, 0.0112384511
 , , , 6.2765625, 0.0112833828
 , , , 6.28125, 0.0113285882
 , , , 6.2859375, 0.0113740657
 , , , 6.290625, 0.0114198141
 , , , 6.2953125, 0.0114658317
 , , , 6.3, 0.0115121193
 , , , 6.3046875, 0.0115586743
 , , , 6.309375, 0.0116054956
 , , , 6.3140625, 0.0116525833
 , , , 6.31875, 0.0116999345
 , , , 6.3234375, 0.0117475493
 , , , 6.328125, 0.0117954267
 , , , 6.3328125, 0.011843564
 , , , 6.3375, 0.011891962
 , , , 6.3421875, 0.011940619
 , , , 6.346875, 0.011989533
 , , , 6.3515625, 0.012038704
 , , , 6.35625, 0.0120881302
 , , , 6.3609375, 0.0121378116
 , , , 6.365625, 0.0121877454
 , , , 6.3703125, 0.0122379316
 , , , 6.375, 0.0122883683
 , , , 6.3796875, 0.0123390555
 , , , 6.384375, 0.0123899914
 , , , 6.3890625, 0.0124411741
 , , , 6.39375, 0.0124926046
 , , , 6.3984375, 0.0125442799
 , , , 6.403125, 0.0125961993
 , , , 6.4078125, 0.0126483617
 , , , 6.4125, 0.0127007673
 , , , 6.4171875, 0.0127534131
 , , , 6.421875, 0.0128062991
 , , , 6.4265625, 0.0128594236
 , , , 6.43125, 0.0129127856
 , , , 6.4359375, 0.0129663851
 , , , 6.440625, 0.0130202193
 , , , 6.4453125, 0.0130742872
 , , , 6.45, 0.0131285898
 , , , 6.4546875, 0.0131831234
 , , , 6.459375, 0.0132378889
 , , , 6.4640625, 0.0132928835
 , , , 6.46875, 0.0133481072
 , , , 6.4734375, 0.0134035591
 , , , 6.478125, 0.0134592373
 , , , 6.4828125, 0.0135151418
 , , , 6.4875, 0.0135712698
 , , , 6.4921875, 0.0136276213
 , , , 6.496875, 0.0136841955
 , , , 6.5015625, 0.0137409903
 , , , 6.50625, 0.0137980049
 , , , 6.5109375, 0.0138552394
 , , , 6.515625, 0.0139126908
 , , , 6.5203125, 0.0139703602
 , , , 6.525, 0.0140282447
 , , , 6.5296875, 0.0140863433
 , , , 6.534375, 0.0141446553
 , , , 6.5390625, 0.0142031806
 , , , 6.54375, 0.0142619172
 , , , 6.5484375, 0.0143208634
 , , , 6.553125, 0.0143800192
 , , , 6.5578125, 0.0144393826
 , , , 6.5625, 0.0144989537
 , , , 6.5671875, 0.0145587306
 , , , 6.571875, 0.0146187115
 , , , 6.5765625, 0.0146788973
 , , , 6.58125, 0.0147392852
 , , , 6.5859375, 0.0147998743
 , , , 6.590625, 0.0148606645
 , , , 6.5953125, 0.014921654
 , , , 6.6, 0.0149828419
 , , , 6.6046875, 0.0150442272
 , , , 6.609375, 0.0151058082
 , , , 6.6140625, 0.0151675846
 , , , 6.61875, 0.0152295558
 , , , 6.6234375, 0.0152917188
 , , , 6.628125, 0.0153540745
 , , , 6.6328125, 0.0154166212
 , , , 6.6375, 0.015479357
 , , , 6.6421875, 0.0155422818
 , , , 6.646875, 0.0156053947
 , , , 6.6515625, 0.0156686939
 , , , 6.65625, 0.0157321785
 , , , 6.6609375, 0.0157958474
 , , , 6.665625, 0.0158597007
 , , , 6.6703125, 0.0159237348
 , , , 6.675, 0.0159879513
 , , , 6.6796875, 0.0160523485
 , , , 6.684375, 0.0161169246
 , , , 6.6890625, 0.0161816776
 , , , 6.69375, 0.0162466094
 , , , 6.6984375, 0.0163117163
 , , , 6.703125, 0.0163769983
 , , , 6.7078125, 0.0164424535
 , , , 6.7125, 0.0165080838
 , , , 6.7171875, 0.0165738836
 , , , 6.721875, 0.0166398548
 , , , 6.7265625, 0.0167059973
 , , , 6.73125, 0.0167723075
 , , , 6.7359375, 0.0168387853
 , , , 6.740625, 0.0169054288
 , , , 6.7453125, 0.0169722401
 , , , 6.75, 0.0170392133
 , , , 6.7546875, 0.0171063524
 , , , 6.759375, 0.0171736516
 , , , 6.7640625, 0.0172411148
 , , , 6.76875, 0.0173087362
 , , , 6.7734375, 0.0173765197
 , , , 6.778125, 0.0174444597
 , , , 6.7828125, 0.0175125562
 , , , 6.7875, 0.0175808109
 , , , 6.7921875, 0.0176492203
 , , , 6.796875, 0.0177177843
 , , , 6.8015625, 0.017786501
 , , , 6.80625, 0.0178553704
 , , , 6.8109375, 0.0179243907
 , , , 6.815625, 0.0179935601
 , , , 6.8203125, 0.0180628803
 , , , 6.825, 0.0181323476
 , , , 6.8296875, 0.018201964
 , , , 6.834375, 0.0182717238
 , , , 6.8390625, 0.0183416307
 , , , 6.84375, 0.0184116811
 , , , 6.8484375, 0.0184818748
 , , , 6.853125, 0.0185522102
 , , , 6.8578125, 0.0186226871
 , , , 6.8625, 0.0186933037
 , , , 6.8671875, 0.01876406
 , , , 6.871875, 0.0188349541
 , , , 6.8765625, 0.0189059861
 , , , 6.88125, 0.018977154
 , , , 6.8859375, 0.0190484561
 , , , 6.890625, 0.0191198941
 , , , 6.8953125, 0.0191914625
 , , , 6.9, 0.0192631651
 , , , 6.9046875, 0.0193349998
 , , , 6.909375, 0.0194069631
 , , , 6.9140625, 0.019479055
 , , , 6.91875, 0.0195512772
 , , , 6.9234375, 0.0196236242
 , , , 6.928125, 0.0196960997
 , , , 6.9328125, 0.0197686981
 , , , 6.9375, 0.0198414233
 , , , 6.9421875, 0.0199142713
 , , , 6.946875, 0.0199872404
 , , , 6.9515625, 0.0200603325
 , , , 6.95625, 0.0201335438
 , , , 6.9609375, 0.0202068742
 , , , 6.965625, 0.0202803258
 , , , 6.9703125, 0.0203538928
 , , , 6.975, 0.0204275753
 , , , 6.9796875, 0.0205013752
 , , , 6.984375, 0.0205752905
 , , , 6.9890625, 0.0206493177
 , , , 6.99375, 0.0207234584
 , , , 6.9984375, 0.0207977109
 , , , 7.003125, 0.0208720732
 , , , 7.0078125, 0.0209465474
 , , , 7.0125, 0.0210211296
 , , , 7.0171875, 0.0210958198
 , , , 7.021875, 0.0211706161
 , , , 7.0265625, 0.0212455206
 , , , 7.03125, 0.0213205293
 , , , 7.0359375, 0.0213956423
 , , , 7.040625, 0.0214708578
 , , , 7.0453125, 0.0215461757
 , , , 7.05, 0.0216215961
 , , , 7.0546875, 0.021697117
 , , , 7.059375, 0.0217727367
 , , , 7.0640625, 0.0218484551
 , , , 7.06875, 0.0219242722
 , , , 7.0734375, 0.0220001843
 , , , 7.078125, 0.0220761932
 , , , 7.0828125, 0.0221522972
 , , , 7.0875, 0.0222284961
 , , , 7.0921875, 0.0223047882
 , , , 7.096875, 0.0223811716
 , , , 7.1015625, 0.0224576462
 , , , 7.10625, 0.0225342102
 , , , 7.1109375, 0.0226108655
 , , , 7.115625, 0.0226876084
 , , , 7.1203125, 0.0227644388
 , , , 7.125, 0.0228413567
 , , , 7.1296875, 0.0229183603
 , , , 7.134375, 0.0229954496
 , , , 7.1390625, 0.0230726209
 , , , 7.14375, 0.0231498778
 , , , 7.1484375, 0.0232272148
 , , , 7.153125, 0.0233046338
 , , , 7.1578125, 0.0233821347
 , , , 7.1625, 0.0234597139
 , , , 7.1671875, 0.0235373713
 , , , 7.171875, 0.0236151069
 , , , 7.1765625, 0.0236929208
 , , , 7.18125, 0.0237708092
 , , , 7.1859375, 0.0238487739
 , , , 7.190625, 0.0239268132
 , , , 7.1953125, 0.024004925
 , , , 7.2, 0.0240831096
 , , , 7.2046875, 0.0241613649
 , , , 7.209375, 0.0242396928
 , , , 7.2140625, 0.0243180897
 , , , 7.21875, 0.0243965555
 , , , 7.2234375, 0.0244750902
 , , , 7.228125, 0.024553692
 , , , 7.2328125, 0.0246323608
 , , , 7.2375, 0.0247110948
 , , , 7.2421875, 0.024789894
 , , , 7.246875, 0.0248687565
 , , , 7.2515625, 0.0249476843
 , , , 7.25625, 0.0250266716
 , , , 7.2609375, 0.0251057222
 , , , 7.265625, 0.0251848325
 , , , 7.2703125, 0.0252640024
 , , , 7.275, 0.0253432319
 , , , 7.2796875, 0.0254225191
 , , , 7.284375, 0.0255018622
 , , , 7.2890625, 0.025581263
 , , , 7.29375, 0.0256607197
 , , , 7.2984375, 0.0257402305
 , , , 7.303125, 0.0258197952
 , , , 7.3078125, 0.025899414
 , , , 7.3125, 0.0259790849
 , , , 7.3171875, 0.0260588061
 , , , 7.321875, 0.0261385776
 , , , 7.3265625, 0.0262184013
 , , , 7.33125, 0.0262982715
 , , , 7.3359375, 0.026378192
 , , , 7.340625, 0.0264581591
 , , , 7.3453125, 0.0265381709
 , , , 7.35, 0.0266182311
 , , , 7.3546875, 0.026698336
 , , , 7.359375, 0.0267784838
 , , , 7.3640625, 0.0268586744
 , , , 7.36875, 0.0269389097
 , , , 7.3734375, 0.0270191859
 , , , 7.378125, 0.0270995032
 , , , 7.3828125, 0.0271798596
 , , , 7.3875, 0.0272602569
 , , , 7.3921875, 0.0273406915
 , , , 7.396875, 0.0274211634
 , , , 7.4015625, 0.0275016744
 , , , 7.40625, 0.0275822207
 , , , 7.4109375, 0.0276628025
 , , , 7.415625, 0.0277434196
 , , , 7.4203125, 0.0278240684
 , , , 7.425, 0.0279047526
 , , , 7.4296875, 0.0279854685
 , , , 7.434375, 0.028066216
 , , , 7.4390625, 0.0281469952
 , , , 7.44375, 0.0282278042
 , , , 7.4484375, 0.0283086412
 , , , 7.453125, 0.0283895079
 , , , 7.4578125, 0.0284704026
 , , , 7.4625, 0.0285513233
 , , , 7.4671875, 0.028632272
 , , , 7.471875, 0.0287132449
 , , , 7.4765625, 0.0287942439
 , , , 7.48125, 0.0288752653
 , , , 7.4859375, 0.0289563108
 , , , 7.490625, 0.0290373787
 , , , 7.4953125, 0.029118469
 , , , 7.5, 0.0291995797
 , , , 7.5046875, 0.029280711
 , , , 7.509375, 0.0293618627
 , , , 7.5140625, 0.029443033
 , , , 7.51875, 0.029524222
 , , , 7.5234375, 0.0296054278
 , , , 7.528125, 0.0296866503
 , , , 7.5328125, 0.0297678877
 , , , 7.5375, 0.0298491418
 , , , 7.5421875, 0.0299304109
 , , , 7.546875, 0.030011693
 , , , 7.5515625, 0.0300929882
 , , , 7.55625, 0.0301742963
 , , , 7.5609375, 0.0302556157
 , , , 7.565625, 0.0303369462
 , , , 7.5703125, 0.030418288
 , , , 7.575, 0.030499639
 , , , 7.5796875, 0.0305809975
 , , , 7.584375, 0.0306623653
 , , , 7.5890625, 0.0307437405
 , , , 7.59375, 0.0308251232
 , , , 7.5984375, 0.0309065115
 , , , 7.603125, 0.0309879053
 , , , 7.6078125, 0.0310693048
 , , , 7.6125, 0.0311507061
 , , , 7.6171875, 0.031232113
 , , , 7.621875, 0.0313135199
 , , , 7.6265625, 0.0313949324
 , , , 7.63125, 0.0314763449
 , , , 7.6359375, 0.0315577574
 , , , 7.640625, 0.0316391699
 , , , 7.6453125, 0.0317205824
 , , , 7.65, 0.0318019949
 , , , 7.6546875, 0.0318834037
 , , , 7.659375, 0.0319648124
 , , , 7.6640625, 0.0320462137
 , , , 7.66875, 0.0321276151
 , , , 7.6734375, 0.0322090089
 , , , 7.678125, 0.0322903991
 , , , 7.6828125, 0.0323717818
 , , , 7.6875, 0.0324531607
 , , , 7.6921875, 0.0325345285
 , , , 7.696875, 0.0326158926
 , , , 7.7015625, 0.0326972455
 , , , 7.70625, 0.0327785909
 , , , 7.7109375, 0.0328599252
 , , , 7.715625, 0.032941252
 , , , 7.7203125, 0.0330225639
 , , , 7.725, 0.0331038646
 , , , 7.7296875, 0.0331851542
 , , , 7.734375, 0.0332664326
 , , , 7.7390625, 0.0333476961
 , , , 7.74375, 0.0334289446
 , , , 7.7484375, 0.0335101783
 , , , 7.753125, 0.0335914008
 , , , 7.7578125, 0.033672601
 , , , 7.7625, 0.03375379
 , , , 7.7671875, 0.0338349603
 , , , 7.771875, 0.033916112
 , , , 7.7765625, 0.0339972451
 , , , 7.78125, 0.0340783596
 , , , 7.7859375, 0.0341594517
 , , , 7.790625, 0.0342405252
 , , , 7.7953125, 0.0343215801
 , , , 7.8, 0.0344026126
 , , , 7.8046875, 0.0344836228
 , , , 7.809375, 0.0345646106
 , , , 7.8140625, 0.034645576
 , , , 7.81875, 0.0347265154
 , , , 7.8234375, 0.0348074324
 , , , 7.828125, 0.0348883234
 , , , 7.8328125, 0.0349691883
 , , , 7.8375, 0.0350500308
 , , , 7.8421875, 0.0351308435
 , , , 7.846875, 0.0352116302
 , , , 7.8515625, 0.035292387
 , , , 7.85625, 0.0353731178
 , , , 7.8609375, 0.0354538187
 , , , 7.865625, 0.0355344899
 , , , 7.8703125, 0.0356151313
 , , , 7.875, 0.0356957428
 , , , 7.8796875, 0.0357763208
 , , , 7.884375, 0.0358568691
 , , , 7.8890625, 0.0359373875
 , , , 7.89375, 0.0360178687
 , , , 7.8984375, 0.03609832
 , , , 7.903125, 0.0361787342
 , , , 7.9078125, 0.0362591185
 , , , 7.9125, 0.0363394618
 , , , 7.9171875, 0.0364197753
 , , , 7.921875, 0.0365000479
 , , , 7.9265625, 0.0365802869
 , , , 7.93125, 0.0366604887
 , , , 7.9359375, 0.0367406532
 , , , 7.940625, 0.0368207768
 , , , 7.9453125, 0.0369008631
 , , , 7.95, 0.0369809121
 , , , 7.9546875, 0.0370609201
 , , , 7.959375, 0.0371408872
 , , , 7.9640625, 0.0372208133
 , , , 7.96875, 0.0373006985
 , , , 7.9734375, 0.0373805426
 , , , 7.978125, 0.0374603458
 , , , 7.9828125, 0.0375401042
 , , , 7.9875, 0.037619818
 , , , 7.9921875, 0.0376994908
 , , , 7.996875, 0.0377791189
