xData0, data0, errData0, xTheory0, theory0
0.0583984384, 0.16119799, 0.000988013686, 0.00957031264, 0.150673598
0.15605469, 0.158799589, 0.00101087117, 0.0217773441, 0.151989341
0.253710941, 0.156005308, 0.00103512854, 0.0339843755, 0.153189495
0.351367193, 0.148970857, 0.0010599263, 0.0461914069, 0.154277429
0.449023444, 0.142389014, 0.00108649156, 0.0583984384, 0.155256391
0.546679696, 0.134586096, 0.00111272788, 0.0706054698, 0.156129628
0.644335947, 0.126351595, 0.00114117948, 0.0828125012, 0.156900287
0.741992199, 0.115772225, 0.00116782803, 0.0950195327, 0.157571465
0.83964845, 0.104074053, 0.00119919827, 0.107226564, 0.158146203
0.937304701, 0.0903146565, 0.00123008955, 0.119433596, 0.158627495
1.03496095, 0.0833801031, 0.00125893452, 0.131640627, 0.159018263
1.1326172, 0.0725252926, 0.00128875578, 0.143847658, 0.159321383
1.23027346, 0.0605122484, 0.00131956241, 0.15605469, 0.15953967
1.32792971, 0.0495370664, 0.00135260442, 0.168261721, 0.159675866
1.42558596, 0.039015945, 0.00138688002, 0.180468753, 0.159732714
1.52324221, 0.0323636755, 0.00142049328, 0.192675784, 0.159712836
1.62089846, 0.0250284672, 0.00145448162, 0.204882816, 0.15961884
1.71855471, 0.0173050761, 0.00148973894, 0.217089847, 0.159453258
1.81621096, 0.0134993456, 0.00152572852, 0.229296878, 0.159218609
1.91386722, 0.00993218925, 0.00155982855, 0.24150391, 0.158917308
2.01152347, 0.00435146736, 0.00159792908, 0.253710941, 0.158551767
2.10917972, 0.00123323279, 0.00163730331, 0.265917973, 0.158124313
2.20683597, -0.00328871375, 0.00167576063, 0.278125004, 0.157637224
2.30449222, -0.00338110956, 0.00171365439, 0.290332036, 0.157092765
2.40214847, -0.00586007722, 0.00175487756, 0.302539067, 0.156493112
2.49980472, -0.00443915091, 0.00179695489, 0.314746098, 0.155840412
2.59746098, -0.000408811087, 0.00184104424, 0.32695313, 0.155136749
2.69511723, -0.000237037515, 0.00188406786, 0.339160161, 0.154384196
2.79277348, 0.00150120992, 0.00192699581, 0.351367193, 0.153584734
2.89042973, 0.00106235209, 0.00197031931, 0.363574224, 0.152740344
2.98808598, 0.00488582067, 0.00201929601, 0.375781256, 0.151852906
3.08574223, 0.00636139559, 0.00206644551, 0.387988287, 0.15092431
3.18339848, 0.00967197027, 0.00211556354, 0.400195318, 0.149956375
3.28105474, 0.0140198804, 0.00217024286, 0.41240235, 0.148950875
3.37871099, 0.0116493339, 0.00221471334, 0.424609381, 0.147909552
3.47636724, 0.0141736297, 0.00226751901, 0.436816413, 0.146834105
3.57402349, 0.0190344397, 0.00232751523, 0.449023444, 0.145726189
3.67167974, 0.0194555502, 0.00238889945, 0.461230476, 0.144587427
3.76933599, 0.0191770326, 0.00244228416, 0.473437507, 0.14341937
3.86699225, 0.017351348, 0.00250544465, 0.485644538, 0.142223567
3.9646485, 0.0197995454, 0.00256790043, 0.49785157, 0.141001523
4.06230475, 0.0192526821, 0.00262959224, 0.510058601, 0.139754683
4.159961, 0.0180962496, 0.00269296027, 0.522265633, 0.138484478
4.25761725, 0.0155980028, 0.00274742609, 0.534472664, 0.137192279
4.3552735, 0.0169915538, 0.00282897902, 0.546679696, 0.135879442
4.45292975, 0.0093020089, 0.00289726289, 0.558886727, 0.134547278
4.55058601, 0.0137738073, 0.0029760344, 0.571093759, 0.133197054
4.64824226, 0.0158285946, 0.00304729702, 0.58330079, 0.131830022
4.74589851, 0.0162543003, 0.0031246389, 0.595507821, 0.130447388
4.84355476, 0.0147309592, 0.00320234162, 0.607714853, 0.129050314
4.94121101, 0.0131928911, 0.00328651885, 0.619921884, 0.127639964
5.03886726, 0.011217054, 0.00336988238, 0.632128916, 0.126217425
5.13652351, 0.0110744117, 0.0034470725, 0.644335947, 0.124783777
5.23417977, 0.00130979472, 0.00355537219, 0.656542979, 0.123340078
5.33183602, 0.00755759841, 0.00363481447, 0.66875001, 0.121887341
5.42949227, 0.00684934948, 0.00374549506, 0.680957041, 0.120426543
5.52714852, 0.0036709907, 0.00383711887, 0.693164073, 0.118958645
5.62480477, 9.44949134e-05, 0.00395010918, 0.705371104, 0.11748457
5.72246102, 0.00668673869, 0.00404678279, 0.717578136, 0.116005227
5.82011727, 0.00803213567, 0.00416132022, 0.729785167, 0.114521474
5.91777353, 0.00071623869, 0.00427333744, 0.741992199, 0.113034166
6.01542978, 0.00390880974, 0.00439027187, 0.75419923, 0.11154411
6.11308603, -0.00714769727, 0.00451303398, 0.766406261, 0.110052101
6.21074228, 0.000966644729, 0.00462330248, 0.778613293, 0.108558901
6.30839853, 0.0119649479, 0.00476539263, 0.790820324, 0.107065253
6.40605478, -0.000924970489, 0.00487676889, 0.803027356, 0.105571873
6.50371103, -0.00651039788, 0.00502064144, 0.815234387, 0.10407944
6.60136729, 0.0059667537, 0.00514573586, 0.827441419, 0.102588639
6.69902354, 0.000737660856, 0.00529466701, 0.83964845, 0.101100095
6.79667979, -0.00126136595, 0.00545054718, 0.851855481, 0.0996144414
6.89433604, 0.00360339647, 0.00563800358, 0.864062513, 0.0981322676
6.99199229, -0.00152382522, 0.0058627178, 0.876269544, 0.0966541544
7.08964854, 0.00775605999, 0.00596286012, 0.888476576, 0.0951806605
7.18730479, 0.0085054012, 0.00612839488, 0.900683607, 0.093712315
7.28496105, 0.00150844618, 0.00627379381, 0.912890639, 0.0922496393
7.3826173, 0.010125299, 0.00654181003, 0.92509767, 0.0907931104
7.48027355, 0.00180854963, 0.00665799785, 0.937304701, 0.08934322
7.5779298, -0.00289742253, 0.0069190976, 0.949511733, 0.0879004151
7.67558605, 0.0202326737, 0.00703788767, 0.961718764, 0.0864651352
7.7732423, 0.005230946, 0.00733527005, 0.973925796, 0.0850377977
7.87089855, 0.0097640194, 0.00762275187, 0.986132827, 0.0836188048
7.96855481, 0.00294656702, 0.00784283035, 0.998339859, 0.0822085291
8.06621106, 0.00402518921, 0.00800431809, 1.01054689, 0.0808073506
8.16386731, 0.00952772144, 0.00839011792, 1.02275392, 0.0794156119
8.26152356, 0.0095153423, 0.00858469026, 1.03496095, 0.0780336484
8.35917981, 0.00700652273, 0.00890595585, 1.04716798, 0.076661773
8.45683606, 0.00704608997, 0.00915644798, 1.05937502, 0.0753002912
8.55449231, 0.0096647637, 0.00950996583, 1.07158205, 0.073949486
8.65214857, 0.00579215027, 0.00984067139, 1.08378908, 0.0726096407
8.74980482, 0.000183172728, 0.0102746178, 1.09599611, 0.071281001
8.84746107, -0.00349314115, 0.010631035, 1.10820314, 0.0699638128
8.94511732, 0.0175529737, 0.0106704232, 1.12041017, 0.0686583146
9.04277357, 0.0023112027, 0.0111055353, 1.1326172, 0.0673647076
9.14042982, 0.0179822221, 0.0114849815, 1.14482424, 0.0660832152
9.23808608, 0.00918885227, 0.0119926742, 1.15703127, 0.0648140162
9.33574233, 0.00335137499, 0.0126396549, 1.1692383, 0.063557297
9.43339858, 0.026304489, 0.0127242474, 1.18144533, 0.0623132177
9.53105483, 0.00564200804, 0.0131882916, 1.19365236, 0.0610819384
 , , , 1.20585939, 0.0598636046
 , , , 1.21806642, 0.0586583503
 , , , 1.23027346, 0.0574662946
 , , , 1.24248049, 0.0562875569
 , , , 1.25468752, 0.0551222302
 , , , 1.26689455, 0.0539704189
 , , , 1.27910158, 0.0528321974
 , , , 1.29130861, 0.051707644
 , , , 1.30351564, 0.0505968258
 , , , 1.31572268, 0.0494997948
 , , , 1.32792971, 0.0484166034
 , , , 1.34013674, 0.0473472886
 , , , 1.35234377, 0.0462918878
 , , , 1.3645508, 0.0452504195
 , , , 1.37675783, 0.0442229062
 , , , 1.38896486, 0.0432093553
 , , , 1.4011719, 0.0422097705
 , , , 1.41337893, 0.0412241518
 , , , 1.42558596, 0.0402524844
 , , , 1.43779299, 0.0392947569
 , , , 1.45000002, 0.0383509472
 , , , 1.46220705, 0.0374210253
 , , , 1.47441408, 0.0365049578
 , , , 1.48662112, 0.0356027074
 , , , 1.49882815, 0.0347142294
 , , , 1.51103518, 0.0338394791
 , , , 1.52324221, 0.0329783969
 , , , 1.53544924, 0.0321309306
 , , , 1.54765627, 0.0312970094
 , , , 1.5598633, 0.0304765776
 , , , 1.57207034, 0.0296695568
 , , , 1.58427737, 0.0288758725
 , , , 1.5964844, 0.0280954503
 , , , 1.60869143, 0.0273282044
 , , , 1.62089846, 0.0265740529
 , , , 1.63310549, 0.0258329026
 , , , 1.64531252, 0.0251046661
 , , , 1.65751956, 0.0243892465
 , , , 1.66972659, 0.0236865487
 , , , 1.68193362, 0.0229964685
 , , , 1.69414065, 0.0223189052
 , , , 1.70634768, 0.0216537546
 , , , 1.71855471, 0.0210009087
 , , , 1.73076174, 0.0203602575
 , , , 1.74296878, 0.0197316911
 , , , 1.75517581, 0.0191150941
 , , , 1.76738284, 0.0185103528
 , , , 1.77958987, 0.0179173481
 , , , 1.7917969, 0.0173359644
 , , , 1.80400393, 0.0167660806
 , , , 1.81621096, 0.0162075758
 , , , 1.828418, 0.0156603269
 , , , 1.84062503, 0.0151242111
 , , , 1.85283206, 0.0145991035
 , , , 1.86503909, 0.0140848784
 , , , 1.87724612, 0.0135814101
 , , , 1.88945315, 0.01308857
 , , , 1.90166018, 0.0126062315
 , , , 1.91386722, 0.0121342652
 , , , 1.92607425, 0.0116725424
 , , , 1.93828128, 0.0112209348
 , , , 1.95048831, 0.0107793109
 , , , 1.96269534, 0.0103475414
 , , , 1.97490237, 0.00992549583
 , , , 1.9871094, 0.0095130438
 , , , 1.99931644, 0.009110054
 , , , 2.01152347, 0.00871639792
 , , , 2.0237305, 0.00833194237
 , , , 2.03593753, 0.00795655884
 , , , 2.04814456, 0.00759011554
 , , , 2.06035159, 0.00723248348
 , , , 2.07255862, 0.00688353274
 , , , 2.08476566, 0.00654313294
 , , , 2.09697269, 0.00621115556
 , , , 2.10917972, 0.00588747207
 , , , 2.12138675, 0.00557195395
 , , , 2.13359378, 0.00526447315
 , , , 2.14580081, 0.00496490253
 , , , 2.15800784, 0.00467311544
 , , , 2.17021488, 0.00438898662
 , , , 2.18242191, 0.0041123894
 , , , 2.19462894, 0.00384320016
 , , , 2.20683597, 0.00358129479
 , , , 2.219043, 0.00332654989
 , , , 2.23125003, 0.00307884323
 , , , 2.24345706, 0.00283805351
 , , , 2.2556641, 0.00260405988
 , , , 2.26787113, 0.00237674266
 , , , 2.28007816, 0.00215598289
 , , , 2.29228519, 0.00194166275
 , , , 2.30449222, 0.00173366547
 , , , 2.31669925, 0.00153187488
 , , , 2.32890628, 0.00133617606
 , , , 2.34111332, 0.00114645518
 , , , 2.35332035, 0.000962599297
 , , , 2.36552738, 0.00078449666
 , , , 2.37773441, 0.0006120365
 , , , 2.38994144, 0.000445109181
 , , , 2.40214847, 0.000283606176
 , , , 2.4143555, 0.000127420077
 , , , 2.42656254, -2.35553907e-05
 , , , 2.43876957, -0.000169425359
 , , , 2.4509766, -0.000310293806
 , , , 2.46318363, -0.000446263497
 , , , 2.47539066, -0.00057743612
 , , , 2.48759769, -0.000703912054
 , , , 2.49980472, -0.00082579063
 , , , 2.51201176, -0.000943169871
 , , , 2.52421879, -0.00105614658
 , , , 2.53642582, -0.00116481655
 , , , 2.54863285, -0.00126927404
 , , , 2.56083988, -0.00136961241
 , , , 2.57304691, -0.00146592362
 , , , 2.58525394, -0.00155829848
 , , , 2.59746098, -0.00164682663
 , , , 2.60966801, -0.00173159619
 , , , 2.62187504, -0.00181269459
 , , , 2.63408207, -0.00189020741
 , , , 2.6462891, -0.00196421961
 , , , 2.65849613, -0.00203481456
 , , , 2.67070316, -0.00210207445
 , , , 2.6829102, -0.00216608052
 , , , 2.69511723, -0.00222691242
 , , , 2.70732426, -0.00228464883
 , , , 2.71953129, -0.00233936706
 , , , 2.73173832, -0.00239114347
 , , , 2.74394535, -0.00244005281
 , , , 2.75615238, -0.00248616934
 , , , 2.76835942, -0.00252956548
 , , , 2.78056645, -0.0025703127
 , , , 2.79277348, -0.00260848156
 , , , 2.80498051, -0.00264414074
 , , , 2.81718754, -0.00267735845
 , , , 2.82939457, -0.00270820153
 , , , 2.8416016, -0.00273673562
 , , , 2.85380864, -0.00276302546
 , , , 2.86601567, -0.00278713414
 , , , 2.8782227, -0.0028091243
 , , , 2.89042973, -0.00282905693
 , , , 2.90263676, -0.00284699211
 , , , 2.91484379, -0.00286298897
 , , , 2.92705082, -0.00287710526
 , , , 2.93925786, -0.00288939802
 , , , 2.95146489, -0.0028999229
 , , , 2.96367192, -0.0029087346
 , , , 2.97587895, -0.00291588693
 , , , 2.98808598, -0.00292143249
 , , , 3.00029301, -0.00292542274
 , , , 3.01250004, -0.00292790867
 , , , 3.02470708, -0.00292893942
 , , , 3.03691411, -0.00292856386
 , , , 3.04912114, -0.00292682974
 , , , 3.06132817, -0.00292378338
 , , , 3.0735352, -0.00291947066
 , , , 3.08574223, -0.00291393651
 , , , 3.09794926, -0.00290722447
 , , , 3.1101563, -0.00289937761
 , , , 3.12236333, -0.00289043761
 , , , 3.13457036, -0.00288044591
 , , , 3.14677739, -0.00286944234
 , , , 3.15898442, -0.00285746669
 , , , 3.17119145, -0.0028445567
 , , , 3.18339848, -0.00283075054
 , , , 3.19560552, -0.00281608454
 , , , 3.20781255, -0.00280059478
 , , , 3.22001958, -0.0027843162
 , , , 3.23222661, -0.002767283
 , , , 3.24443364, -0.00274952897
 , , , 3.25664067, -0.00273108622
 , , , 3.2688477, -0.00271198689
 , , , 3.28105474, -0.00269226218
 , , , 3.29326177, -0.00267194235
 , , , 3.3054688, -0.00265105697
 , , , 3.31767583, -0.00262963469
 , , , 3.32988286, -0.00260770414
 , , , 3.34208989, -0.00258529233
 , , , 3.35429692, -0.00256242626
 , , , 3.36650396, -0.00253913179
 , , , 3.37871099, -0.00251543429
 , , , 3.39091802, -0.00249135843
 , , , 3.40312505, -0.00246692845
 , , , 3.41533208, -0.00244216761
 , , , 3.42753911, -0.00241709873
 , , , 3.43974615, -0.00239174371
 , , , 3.45195318, -0.00236612442
 , , , 3.46416021, -0.00234026159
 , , , 3.47636724, -0.00231417548
 , , , 3.48857427, -0.00228788611
 , , , 3.5007813, -0.00226141233
 , , , 3.51298833, -0.00223477278
 , , , 3.52519537, -0.00220798585
 , , , 3.5374024, -0.00218106876
 , , , 3.54960943, -0.00215403875
 , , , 3.56181646, -0.00212691189
 , , , 3.57402349, -0.0020997047
 , , , 3.58623052, -0.00207243208
 , , , 3.59843755, -0.0020451094
 , , , 3.61064459, -0.00201775087
 , , , 3.62285162, -0.00199037069
 , , , 3.63505865, -0.00196298258
 , , , 3.64726568, -0.00193559926
 , , , 3.65947271, -0.00190823351
 , , , 3.67167974, -0.00188089767
 , , , 3.68388677, -0.0018536034
 , , , 3.69609381, -0.0018263621
 , , , 3.70830084, -0.00179918495
 , , , 3.72050787, -0.00177208218
 , , , 3.7327149, -0.00174506416
 , , , 3.74492193, -0.00171814067
 , , , 3.75712896, -0.00169132114
 , , , 3.76933599, -0.00166461454
 , , , 3.78154303, -0.00163802959
 , , , 3.79375006, -0.00161157467
 , , , 3.80595709, -0.00158525782
 , , , 3.81816412, -0.00155908661
 , , , 3.83037115, -0.00153306848
 , , , 3.84257818, -0.00150721031
 , , , 3.85478521, -0.00148151896
 , , , 3.86699225, -0.00145600073
 , , , 3.87919928, -0.00143066188
 , , , 3.89140631, -0.00140550802
 , , , 3.90361334, -0.00138054474
 , , , 3.91582037, -0.00135577738
 , , , 3.9280274, -0.00133121083
 , , , 3.94023443, -0.00130684988
 , , , 3.95244147, -0.00128269906
 , , , 3.9646485, -0.00125876244
 , , , 3.97685553, -0.0012350441
 , , , 3.98906256, -0.00121154776
 , , , 4.00126959, -0.00118827692
 , , , 4.01347662, -0.00116523483
 , , , 4.02568365, -0.00114242476
 , , , 4.03789069, -0.00111984927
 , , , 4.05009772, -0.00109751127
 , , , 4.06230475, -0.00107541296
 , , , 4.07451178, -0.0010535568
 , , , 4.08671881, -0.00103194488
 , , , 4.09892584, -0.00101057882
 , , , 4.11113287, -0.000989460619
 , , , 4.12333991, -0.000968591659
 , , , 4.13554694, -0.000947973342
 , , , 4.14775397, -0.000927606772
 , , , 4.159961, -0.000907493115
 , , , 4.17216803, -0.000887633243
 , , , 4.18437506, -0.000868027797
 , , , 4.19658209, -0.000848677475
 , , , 4.20878913, -0.000829582626
 , , , 4.22099616, -0.000810743659
 , , , 4.23320319, -0.000792160747
 , , , 4.24541022, -0.000773833948
 , , , 4.25761725, -0.000755763205
 , , , 4.26982428, -0.000737948285
 , , , 4.28203131, -0.000720388955
 , , , 4.29423835, -0.000703084806
 , , , 4.30644538, -0.000686035317
 , , , 4.31865241, -0.000669239904
 , , , 4.33085944, -0.00065269781
 , , , 4.34306647, -0.00063640828
 , , , 4.3552735, -0.000620370382
 , , , 4.36748053, -0.000604583183
 , , , 4.37968757, -0.00058904558
 , , , 4.3918946, -0.000573756406
 , , , 4.40410163, -0.000558714499
 , , , 4.41630866, -0.000543918519
 , , , 4.42851569, -0.000529367127
 , , , 4.44072272, -0.000515058811
 , , , 4.45292975, -0.000500992173
 , , , 4.46513679, -0.000487165555
 , , , 4.47734382, -0.000473577384
 , , , 4.48955085, -0.000460225972
 , , , 4.50175788, -0.000447109545
 , , , 4.51396491, -0.000434226356
 , , , 4.52617194, -0.000421574572
 , , , 4.53837897, -0.000409152271
 , , , 4.55058601, -0.000396957563
 , , , 4.56279304, -0.000384988438
 , , , 4.57500007, -0.000373242918
 , , , 4.5872071, -0.000361718965
 , , , 4.59941413, -0.000350414484
 , , , 4.61162116, -0.00033932738
 , , , 4.62382819, -0.00032845547
 , , , 4.63603523, -0.000317796628
 , , , 4.64824226, -0.000307348615
 , , , 4.66044929, -0.000297109247
 , , , 4.67265632, -0.000287076284
 , , , 4.68486335, -0.000277247396
 , , , 4.69707038, -0.000267620373
 , , , 4.70927741, -0.000258192886
 , , , 4.72148445, -0.000248962577
 , , , 4.73369148, -0.000239927176
 , , , 4.74589851, -0.000231084297
 , , , 4.75810554, -0.000222431612
 , , , 4.77031257, -0.000213966734
 , , , 4.7825196, -0.000205687291
 , , , 4.79472663, -0.000197590911
 , , , 4.80693367, -0.000189675207
 , , , 4.8191407, -0.000181937779
 , , , 4.83134773, -0.000174376255
 , , , 4.84355476, -0.000166988219
 , , , 4.85576179, -0.000159771284
 , , , 4.86796882, -0.000152723063
 , , , 4.88017585, -0.000145841157
 , , , 4.89238289, -0.000139123178
 , , , 4.90458992, -0.00013256674
 , , , 4.91679695, -0.000126169471
 , , , 4.92900398, -0.000119928969
 , , , 4.94121101, -0.0001138429
 , , , 4.95341804, -0.000107908876
 , , , 4.96562507, -0.000102124563
 , , , 4.97783211, -9.6487609e-05
 , , , 4.99003914, -9.09956871e-05
 , , , 5.00224617, -8.56464685e-05
 , , , 5.0144532, -8.04376468e-05
 , , , 5.02666023, -7.53669228e-05
 , , , 5.03886726, -7.04320119e-05
 , , , 5.05107429, -6.56306365e-05
 , , , 5.06328133, -6.09605486e-05
 , , , 5.07548836, -5.64194997e-05
 , , , 5.08769539, -5.20052599e-05
 , , , 5.09990242, -4.77156209e-05
 , , , 5.11210945, -4.35483889e-05
 , , , 5.12431648, -3.95013813e-05
 , , , 5.13652351, -3.55724333e-05
 , , , 5.14873055, -3.17594095e-05
 , , , 5.16093758, -2.80601762e-05
 , , , 5.17314461, -2.44726289e-05
 , , , 5.18535164, -2.09946793e-05
 , , , 5.19755867, -1.76242575e-05
 , , , 5.2097657, -1.43593134e-05
 , , , 5.22197273, -1.11978152e-05
 , , , 5.23417977, -8.13775478e-06
 , , , 5.2463868, -5.1771417e-06
 , , , 5.25859383, -2.314006e-06
 , , , 5.27080086, 4.53600393e-07
 , , , 5.28300789, 3.12760517e-06
 , , , 5.29521492, 5.70991415e-06
 , , , 5.30742195, 8.20241348e-06
 , , , 5.31962899, 1.06069647e-05
 , , , 5.33183602, 1.29254104e-05
 , , , 5.34404305, 1.51595714e-05
 , , , 5.35625008, 1.73112439e-05
 , , , 5.36845711, 1.93822034e-05
 , , , 5.38066414, 2.1374206e-05
 , , , 5.39287117, 2.32889834e-05
 , , , 5.40507821, 2.51282399e-05
 , , , 5.41728524, 2.68936692e-05
 , , , 5.42949227, 2.85869301e-05
 , , , 5.4416993, 3.02096687e-05
 , , , 5.45390633, 3.17635058e-05
 , , , 5.46611336, 3.32500313e-05
 , , , 5.47832039, 3.46708293e-05
 , , , 5.49052743, 3.60274462e-05
 , , , 5.50273446, 3.7321417e-05
 , , , 5.51494149, 3.8554248e-05
 , , , 5.52714852, 3.97274234e-05
 , , , 5.53935555, 4.08424094e-05
 , , , 5.55156258, 4.19006428e-05
 , , , 5.56376961, 4.29035499e-05
 , , , 5.57597665, 4.38525203e-05
 , , , 5.58818368, 4.47489365e-05
 , , , 5.60039071, 4.55941481e-05
 , , , 5.61259774, 4.63894903e-05
 , , , 5.62480477, 4.71362691e-05
 , , , 5.6370118, 4.78357797e-05
 , , , 5.64921883, 4.84892807e-05
 , , , 5.66142587, 4.90980274e-05
 , , , 5.6736329, 4.96632383e-05
 , , , 5.68583993, 5.01861214e-05
 , , , 5.69804696, 5.06678589e-05
 , , , 5.71025399, 5.1109615e-05
 , , , 5.72246102, 5.15125321e-05
 , , , 5.73466805, 5.18777306e-05
 , , , 5.74687509, 5.22063128e-05
 , , , 5.75908212, 5.24993593e-05
 , , , 5.77128915, 5.27579323e-05
 , , , 5.78349618, 5.29830759e-05
 , , , 5.79570321, 5.31758124e-05
 , , , 5.80791024, 5.33371422e-05
 , , , 5.82011727, 5.34680512e-05
 , , , 5.83232431, 5.35695035e-05
 , , , 5.84453134, 5.36424523e-05
 , , , 5.85673837, 5.36878142e-05
 , , , 5.8689454, 5.37065062e-05
 , , , 5.88115243, 5.36994194e-05
 , , , 5.89335946, 5.3667427e-05
 , , , 5.90556649, 5.36113803e-05
 , , , 5.91777353, 5.35321196e-05
 , , , 5.92998056, 5.34304636e-05
 , , , 5.94218759, 5.33072198e-05
 , , , 5.95439462, 5.31631704e-05
 , , , 5.96660165, 5.29990903e-05
 , , , 5.97880868, 5.28157252e-05
 , , , 5.99101571, 5.26138174e-05
 , , , 6.00322275, 5.23940835e-05
 , , , 6.01542978, 5.21572256e-05
 , , , 6.02763681, 5.19039422e-05
 , , , 6.03984384, 5.16348955e-05
 , , , 6.05205087, 5.13507512e-05
 , , , 6.0642579, 5.10521459e-05
 , , , 6.07646493, 5.0739709e-05
 , , , 6.08867197, 5.04140589e-05
 , , , 6.100879, 5.00757851e-05
 , , , 6.11308603, 4.97254769e-05
 , , , 6.12529306, 4.93637053e-05
 , , , 6.13750009, 4.89910271e-05
 , , , 6.14970712, 4.86079807e-05
 , , , 6.16191415, 4.82150972e-05
 , , , 6.17412119, 4.78128932e-05
 , , , 6.18632822, 4.74018743e-05
 , , , 6.19853525, 4.69825245e-05
 , , , 6.21074228, 4.65553239e-05
 , , , 6.22294931, 4.61207383e-05
 , , , 6.23515634, 4.56792186e-05
 , , , 6.24736337, 4.52312088e-05
 , , , 6.25957041, 4.47771345e-05
 , , , 6.27177744, 4.43174176e-05
 , , , 6.28398447, 4.38524548e-05
 , , , 6.2961915, 4.33826499e-05
 , , , 6.30839853, 4.29083811e-05
 , , , 6.32060556, 4.24300233e-05
 , , , 6.33281259, 4.19479402e-05
 , , , 6.34501963, 4.14624774e-05
 , , , 6.35722666, 4.09739805e-05
 , , , 6.36943369, 4.04827806e-05
 , , , 6.38164072, 3.99892015e-05
 , , , 6.39384775, 3.94935487e-05
 , , , 6.40605478, 3.89961242e-05
 , , , 6.41826181, 3.84972263e-05
 , , , 6.43046885, 3.79971389e-05
 , , , 6.44267588, 3.74961273e-05
 , , , 6.45488291, 3.69944646e-05
 , , , 6.46708994, 3.6492409e-05
 , , , 6.47929697, 3.59902042e-05
 , , , 6.491504, 3.54880904e-05
 , , , 6.50371103, 3.49863039e-05
 , , , 6.51591807, 3.44850669e-05
 , , , 6.5281251, 3.39845938e-05
 , , , 6.54033213, 3.3485092e-05
 , , , 6.55253916, 3.29867653e-05
 , , , 6.56474619, 3.24898101e-05
 , , , 6.57695322, 3.19944083e-05
 , , , 6.58916025, 3.15007383e-05
 , , , 6.60136729, 3.10089781e-05
 , , , 6.61357432, 3.05192916e-05
 , , , 6.62578135, 3.00318352e-05
 , , , 6.63798838, 2.95467653e-05
 , , , 6.65019541, 2.90642274e-05
 , , , 6.66240244, 2.85843598e-05
 , , , 6.67460947, 2.81073026e-05
 , , , 6.68681651, 2.76331793e-05
 , , , 6.69902354, 2.71621138e-05
 , , , 6.71123057, 2.66942261e-05
 , , , 6.7234376, 2.62296253e-05
 , , , 6.73564463, 2.57684187e-05
 , , , 6.74785166, 2.53107082e-05
 , , , 6.76005869, 2.48565902e-05
 , , , 6.77226573, 2.44061575e-05
 , , , 6.78447276, 2.39594938e-05
 , , , 6.79667979, 2.35166826e-05
 , , , 6.80888682, 2.30778005e-05
 , , , 6.82109385, 2.2642922e-05
 , , , 6.83330088, 2.22121143e-05
 , , , 6.84550791, 2.17854431e-05
 , , , 6.85771495, 2.13629664e-05
 , , , 6.86992198, 2.09447426e-05
 , , , 6.88212901, 2.05308224e-05
 , , , 6.89433604, 2.01212551e-05
 , , , 6.90654307, 1.97160862e-05
 , , , 6.9187501, 1.93153573e-05
 , , , 6.93095713, 1.89191051e-05
 , , , 6.94316417, 1.85273639e-05
 , , , 6.9553712, 1.81401665e-05
 , , , 6.96757823, 1.77575384e-05
 , , , 6.97978526, 1.7379507e-05
 , , , 6.99199229, 1.70060939e-05
 , , , 7.00419932, 1.66373175e-05
 , , , 7.01640635, 1.62731922e-05
 , , , 7.02861339, 1.59137362e-05
 , , , 7.04082042, 1.55589551e-05
 , , , 7.05302745, 1.52088614e-05
 , , , 7.06523448, 1.48634581e-05
 , , , 7.07744151, 1.45227505e-05
 , , , 7.08964854, 1.41867386e-05
 , , , 7.10185557, 1.38554215e-05
 , , , 7.11406261, 1.35287955e-05
 , , , 7.12626964, 1.32068571e-05
 , , , 7.13847667, 1.28895963e-05
 , , , 7.1506837, 1.25770057e-05
 , , , 7.16289073, 1.22690744e-05
 , , , 7.17509776, 1.19657871e-05
 , , , 7.18730479, 1.16671308e-05
 , , , 7.19951183, 1.13730894e-05
 , , , 7.21171886, 1.10836445e-05
 , , , 7.22392589, 1.07987753e-05
 , , , 7.23613292, 1.05184627e-05
 , , , 7.24833995, 1.0242682e-05
 , , , 7.26054698, 9.9714116e-06
 , , , 7.27275401, 9.70462588e-06
 , , , 7.28496105, 9.4422976e-06
 , , , 7.29716808, 9.18439946e-06
 , , , 7.30937511, 8.93090328e-06
 , , , 7.32158214, 8.68177813e-06
 , , , 7.33378917, 8.4369949e-06
 , , , 7.3459962, 8.19651996e-06
 , , , 7.35820323, 7.96032145e-06
 , , , 7.37041027, 7.72836574e-06
 , , , 7.3826173, 7.50061736e-06
 , , , 7.39482433, 7.27704219e-06
 , , , 7.40703136, 7.05760385e-06
 , , , 7.41923839, 6.84226461e-06
 , , , 7.43144542, 6.63098808e-06
 , , , 7.44365245, 6.42373561e-06
 , , , 7.45585949, 6.22046809e-06
 , , , 7.46806652, 6.02114733e-06
 , , , 7.48027355, 5.82573239e-06
 , , , 7.49248058, 5.63418325e-06
 , , , 7.50468761, 5.44645945e-06
 , , , 7.51689464, 5.26252006e-06
 , , , 7.52910167, 5.08232279e-06
 , , , 7.54130871, 4.90582624e-06
 , , , 7.55351574, 4.73298769e-06
 , , , 7.56572277, 4.56376529e-06
 , , , 7.5779298, 4.39811583e-06
 , , , 7.59013683, 4.23599658e-06
 , , , 7.60234386, 4.07736434e-06
 , , , 7.61455089, 3.92217544e-06
 , , , 7.62675793, 3.77038646e-06
 , , , 7.63896496, 3.62195374e-06
 , , , 7.65117199, 3.47683385e-06
 , , , 7.66337902, 3.33498247e-06
 , , , 7.67558605, 3.19635615e-06
 , , , 7.68779308, 3.06091079e-06
 , , , 7.70000011, 2.9286025e-06
 , , , 7.71220715, 2.79938718e-06
 , , , 7.72441418, 2.67322139e-06
 , , , 7.73662121, 2.55006103e-06
 , , , 7.74882824, 2.42986243e-06
 , , , 7.76103527, 2.31258196e-06
 , , , 7.7732423, 2.19817593e-06
 , , , 7.78544933, 2.08660094e-06
 , , , 7.79765637, 1.97781401e-06
 , , , 7.8098634, 1.8717717e-06
 , , , 7.82207043, 1.76843105e-06
 , , , 7.83427746, 1.66774953e-06
 , , , 7.84648449, 1.56968429e-06
 , , , 7.85869152, 1.47419314e-06
 , , , 7.87089855, 1.38123391e-06
 , , , 7.88310559, 1.29076466e-06
 , , , 7.89531262, 1.20274365e-06
 , , , 7.90751965, 1.11712961e-06
 , , , 7.91972668, 1.0338814e-06
 , , , 7.93193371, 9.52958203e-07
 , , , 7.94414074, 8.74319312e-07
 , , , 7.95634777, 7.97924599e-07
 , , , 7.96855481, 7.23734104e-07
 , , , 7.98076184, 6.51708149e-07
 , , , 7.99296887, 5.81807399e-07
 , , , 8.0051759, 5.13992916e-07
 , , , 8.01738293, 4.48226075e-07
 , , , 8.02958996, 3.84468564e-07
 , , , 8.04179699, 3.22682411e-07
 , , , 8.05400403, 2.62830071e-07
 , , , 8.06621106, 2.04874269e-07
 , , , 8.07841809, 1.48778184e-07
 , , , 8.09062512, 9.45053102e-08
 , , , 8.10283215, 4.20195541e-08
 , , , 8.11503918, -8.71481376e-09
 , , , 8.12724621, -5.77331356e-08
 , , , 8.13945325, -1.05070363e-07
 , , , 8.15166028, -1.50761053e-07
 , , , 8.16386731, -1.94839373e-07
 , , , 8.17607434, -2.3733908e-07
 , , , 8.18828137, -2.78293555e-07
 , , , 8.2004884, -3.17735754e-07
 , , , 8.21269543, -3.55698234e-07
 , , , 8.22490247, -3.92213167e-07
 , , , 8.2371095, -4.27312273e-07
 , , , 8.24931653, -4.610269e-07
 , , , 8.26152356, -4.93387972e-07
 , , , 8.27373059, -5.24426014e-07
 , , , 8.28593762, -5.54171152e-07
 , , , 8.29814465, -5.82653115e-07
 , , , 8.31035169, -6.09901122e-07
 , , , 8.32255872, -6.35944048e-07
 , , , 8.33476575, -6.60810372e-07
 , , , 8.34697278, -6.84528231e-07
 , , , 8.35917981, -7.07125196e-07
 , , , 8.37138684, -7.28628493e-07
 , , , 8.38359387, -7.49065009e-07
 , , , 8.39580091, -7.68461121e-07
 , , , 8.40800794, -7.86842918e-07
 , , , 8.42021497, -8.04235981e-07
 , , , 8.432422, -8.20665491e-07
 , , , 8.44462903, -8.36156346e-07
 , , , 8.45683606, -8.50732874e-07
 , , , 8.46904309, -8.64419235e-07
 , , , 8.48125013, -8.77238904e-07
 , , , 8.49345716, -8.89215244e-07
 , , , 8.50566419, -9.00371049e-07
 , , , 8.51787122, -9.10728772e-07
 , , , 8.53007825, -9.20310526e-07
 , , , 8.54228528, -9.29138025e-07
 , , , 8.55449231, -9.37232528e-07
 , , , 8.56669935, -9.44614953e-07
 , , , 8.57890638, -9.51305992e-07
 , , , 8.59111341, -9.5732571e-07
 , , , 8.60332044, -9.62694116e-07
 , , , 8.61552747, -9.67430424e-07
 , , , 8.6277345, -9.71553959e-07
 , , , 8.63994153, -9.75083367e-07
 , , , 8.65214857, -9.78037178e-07
 , , , 8.6643556, -9.80433242e-07
 , , , 8.67656263, -9.82289293e-07
 , , , 8.68876966, -9.83622726e-07
 , , , 8.70097669, -9.84450594e-07
 , , , 8.71318372, -9.84789494e-07
 , , , 8.72539076, -9.84655912e-07
 , , , 8.73759779, -9.8406565e-07
 , , , 8.74980482, -9.83034511e-07
 , , , 8.76201185, -9.81577728e-07
 , , , 8.77421888, -9.79710535e-07
 , , , 8.78642591, -9.77447598e-07
 , , , 8.79863294, -9.74803356e-07
 , , , 8.81083998, -9.71791792e-07
 , , , 8.82304701, -9.68426775e-07
 , , , 8.83525404, -9.64721721e-07
 , , , 8.84746107, -9.60690045e-07
 , , , 8.8596681, -9.56344479e-07
 , , , 8.87187513, -9.51697814e-07
 , , , 8.88408216, -9.46762214e-07
 , , , 8.8962892, -9.41549786e-07
 , , , 8.90849623, -9.36072354e-07
 , , , 8.92070326, -9.30341457e-07
 , , , 8.93291029, -9.24368237e-07
 , , , 8.94511732, -9.18163721e-07
 , , , 8.95732435, -9.11738596e-07
 , , , 8.96953138, -9.0510332e-07
 , , , 8.98173842, -8.98268127e-07
 , , , 8.99394545, -8.91242962e-07
 , , , 9.00615248, -8.84037433e-07
 , , , 9.01835951, -8.76661147e-07
 , , , 9.03056654, -8.69123198e-07
 , , , 9.04277357, -8.61432625e-07
 , , , 9.0549806, -8.53598181e-07
 , , , 9.06718764, -8.45628335e-07
 , , , 9.07939467, -8.37531445e-07
 , , , 9.0916017, -8.29315638e-07
 , , , 9.10380873, -8.20988646e-07
 , , , 9.11601576, -8.12558199e-07
 , , , 9.12822279, -8.04031743e-07
 , , , 9.14042982, -7.9541644e-07
 , , , 9.15263686, -7.86719397e-07
 , , , 9.16484389, -7.77947434e-07
 , , , 9.17705092, -7.69107203e-07
 , , , 9.18925795, -7.60205069e-07
 , , , 9.20146498, -7.51247342e-07
 , , , 9.21367201, -7.42240104e-07
 , , , 9.22587904, -7.33189211e-07
 , , , 9.23808608, -7.24100403e-07
 , , , 9.25029311, -7.14979194e-07
 , , , 9.26250014, -7.05830985e-07
 , , , 9.27470717, -6.96660891e-07
 , , , 9.2869142, -6.87474028e-07
 , , , 9.29912123, -6.78275228e-07
 , , , 9.31132826, -6.69069266e-07
 , , , 9.3235353, -6.59860575e-07
 , , , 9.33574233, -6.5065359e-07
 , , , 9.34794936, -6.41452687e-07
 , , , 9.36015639, -6.32261788e-07
 , , , 9.37236342, -6.23084986e-07
 , , , 9.38457045, -6.1392609e-07
 , , , 9.39677748, -6.04788738e-07
 , , , 9.40898452, -5.95676511e-07
 , , , 9.42119155, -5.86592819e-07
 , , , 9.43339858, -5.77540959e-07
 , , , 9.44560561, -5.68524058e-07
 , , , 9.45781264, -5.59545242e-07
 , , , 9.47001967, -5.50607353e-07
 , , , 9.4822267, -5.41713234e-07
 , , , 9.49443374, -5.32865556e-07
 , , , 9.50664077, -5.24066877e-07
 , , , 9.5188478, -5.15319698e-07
 , , , 9.53105483, -5.06626407e-07
 , , , 9.54326186, -4.97989163e-07
 , , , 9.55546889, -4.8941024e-07
 , , , 9.56767592, -4.80891572e-07
 , , , 9.57988296, -4.72435175e-07
 , , , 9.59208999, -4.64042898e-07
 , , , 9.60429702, -4.55716503e-07
 , , , 9.61650405, -4.47457666e-07
 , , , 9.62871108, -4.39267978e-07
 , , , 9.64091811, -4.31148948e-07
 , , , 9.65312514, -4.23101994e-07
 , , , 9.66533218, -4.15128426e-07
 , , , 9.67753921, -4.07229521e-07
 , , , 9.68974624, -3.99406474e-07
 , , , 9.70195327, -3.91660365e-07
 , , , 9.7141603, -3.83992216e-07
 , , , 9.72636733, -3.76403023e-07
 , , , 9.73857436, -3.68893637e-07
 , , , 9.7507814, -3.61464913e-07
 , , , 9.76298843, -3.54117589e-07
 , , , 9.77519546, -3.46852374e-07
 , , , 9.78740249, -3.39669896e-07
 , , , 9.79960952, -3.32570693e-07
 , , , 9.81181655, -3.25555334e-07
 , , , 9.82402358, -3.18624245e-07
 , , , 9.83623062, -3.11777825e-07
 , , , 9.84843765, -3.05016414e-07
 , , , 9.86064468, -2.98340353e-07
 , , , 9.87285171, -2.91749842e-07
 , , , 9.88505874, -2.85245108e-07
 , , , 9.89726577, -2.78826292e-07
