xData0, data0, errData0, xTheory0, theory0
0.0681640635, 0.160456911, 0.000903861726, 0.00957031264, 0.150673598
0.185351565, 0.158702329, 0.000929324535, 0.0242187504, 0.152238503
0.302539067, 0.152997866, 0.000956203624, 0.0388671881, 0.153637946
0.419726569, 0.144505769, 0.000984425805, 0.0535156258, 0.154877678
0.536914071, 0.134994358, 0.00101343, 0.0681640635, 0.155963287
0.654101572, 0.124623165, 0.00104459302, 0.0828125012, 0.156900287
0.771289074, 0.113611631, 0.0010738184, 0.097460939, 0.157694027
0.888476576, 0.096429944, 0.00110863353, 0.112109377, 0.158349767
1.00566408, 0.0854431018, 0.00114169275, 0.126757814, 0.158872634
1.12285158, 0.0736798048, 0.00117372493, 0.141406252, 0.159267634
1.24003908, 0.0597247556, 0.0012077396, 0.15605469, 0.15953967
1.35722658, 0.0449592061, 0.0012441327, 0.170703128, 0.159693509
1.47441408, 0.0369701236, 0.00128176428, 0.185351565, 0.159733817
1.59160159, 0.026391698, 0.00131797752, 0.200000003, 0.159665167
1.70878909, 0.0185538996, 0.0013562233, 0.214648441, 0.159491986
1.82597659, 0.0125209317, 0.00139581759, 0.229296878, 0.159218609
1.94316409, 0.00883932039, 0.00143316932, 0.243945316, 0.158849269
2.06035159, 0.00285842852, 0.00147691894, 0.258593754, 0.158388078
2.17753909, -0.00253841537, 0.0015204497, 0.273242192, 0.157839075
2.2947266, -0.00297503918, 0.00156033407, 0.287890629, 0.157206148
2.4119141, -0.00594792981, 0.00160683914, 0.302539067, 0.156493112
2.5291016, -0.00390291191, 0.0016508475, 0.317187505, 0.155703694
2.6462891, 0.000704470207, 0.00170033211, 0.331835942, 0.154841483
2.7634766, 0.000815893174, 0.00174626667, 0.34648438, 0.153910026
2.88066411, 0.00140842202, 0.00179607447, 0.361132818, 0.152912721
2.99785161, 0.00508750789, 0.00184740373, 0.375781256, 0.151852906
3.11503911, 0.00637798943, 0.00189946085, 0.390429693, 0.150733814
3.23222661, 0.0129613839, 0.00195766321, 0.405078131, 0.149558574
3.34941411, 0.0117499689, 0.0020082636, 0.419726569, 0.148330271
3.46660161, 0.014511277, 0.0020650645, 0.434375006, 0.147051841
3.58378912, 0.0191044956, 0.00212956344, 0.449023444, 0.145726189
3.70097662, 0.0190586597, 0.00219460976, 0.463671882, 0.144356102
3.81816412, 0.0186024997, 0.00226028941, 0.47832032, 0.142944291
3.93535162, 0.0198780149, 0.00232453334, 0.492968757, 0.141493395
4.05253912, 0.0183777716, 0.00239655957, 0.507617195, 0.140005976
4.16972662, 0.0169270542, 0.00246346986, 0.522265633, 0.138484478
4.28691413, 0.0163163543, 0.00252878678, 0.536914071, 0.136931315
4.40410163, 0.0142217781, 0.0026151526, 0.551562508, 0.135348827
4.52128913, 0.0120577486, 0.00269221254, 0.566210946, 0.133739233
4.63847663, 0.0151695972, 0.00277671025, 0.580859384, 0.13210471
4.75566413, 0.0160732567, 0.00285867429, 0.595507821, 0.130447388
4.87285164, 0.0144720552, 0.00294382483, 0.610156259, 0.128769264
4.99003914, 0.0116841504, 0.00304438018, 0.624804697, 0.127072349
5.10722664, 0.0103591783, 0.00312608948, 0.639453135, 0.125358492
5.22441414, 0.00402665557, 0.00322986123, 0.654101572, 0.123629577
5.34160164, 0.00639678771, 0.00332941059, 0.66875001, 0.121887341
5.45878914, 0.00727411406, 0.00344984261, 0.683398448, 0.120133497
5.57597665, 0.000666398962, 0.00354629856, 0.698046885, 0.118369706
5.69316415, 0.00658439752, 0.00366940848, 0.712695323, 0.116597541
5.81035165, 0.00654351106, 0.00378591286, 0.727343761, 0.114818536
5.92753915, 0.0013807239, 0.00390850826, 0.741992199, 0.113034166
6.04472665, 0.000274860271, 0.00404648362, 0.756640636, 0.111245841
6.16191415, -0.00140680373, 0.00416132639, 0.771289074, 0.109454922
6.27910166, 0.00552069675, 0.00431495785, 0.785937512, 0.107662722
6.39628916, 0.00200512097, 0.00444500766, 0.800585949, 0.105870493
6.51347666, -0.00738625694, 0.00460424477, 0.815234387, 0.10407944
6.63066416, 0.00977097824, 0.0047200842, 0.829882825, 0.102290727
6.74785166, -0.00230230205, 0.00491405974, 0.844531263, 0.100505456
6.86503916, 0.00452731922, 0.00509178711, 0.8591797, 0.0987246782
6.98222667, -0.00409745891, 0.00532375707, 0.873828138, 0.0969494283
7.09941417, 0.00959967822, 0.0054569329, 0.888476576, 0.0951806605
7.21660167, 0.000892342825, 0.00563829565, 0.903125013, 0.0934193134
7.33378917, 0.00717630377, 0.00585049231, 0.917773451, 0.0916662589
7.45097667, 0.00687256223, 0.00603161409, 0.932421889, 0.0899223536
7.56816418, -0.00202134857, 0.00629585369, 0.947070327, 0.0881883875
7.68535168, 0.0148063898, 0.00645512424, 0.961718764, 0.0864651352
7.80253918, 0.00720232911, 0.006776479, 0.976367202, 0.0847533196
7.91972668, 0.00996962003, 0.00703888323, 0.99101564, 0.0830536261
8.03691418, -0.000842421898, 0.00727946086, 1.00566408, 0.0813667104
8.15410168, 0.0126010748, 0.00761936397, 1.02031252, 0.0796931908
8.27128919, 0.00790564064, 0.00788813273, 1.03496095, 0.0780336484
8.38847669, 0.0110901641, 0.00816138565, 1.04960939, 0.0763886347
8.50566419, 0.00163292384, 0.00852536757, 1.06425783, 0.0747586712
8.62285169, 0.013122947, 0.00893822117, 1.07890627, 0.0731442496
8.74003919, -0.000928617315, 0.00928598285, 1.0935547, 0.071545817
8.85722669, -0.00416871579, 0.00968444163, 1.10820314, 0.0699638128
8.9744142, 0.019142082, 0.00988599775, 1.12285158, 0.0683986321
9.0916017, 0.00741342781, 0.0102420913, 1.13750002, 0.0668506473
9.2087892, 0.00469778525, 0.0108538022, 1.15214845, 0.0653202087
9.3259767, 0.01280622, 0.0114583335, 1.16679689, 0.0638076365
9.4431642, 0.0183671732, 0.011687945, 1.18144533, 0.0623132177
 , , , 1.19609377, 0.0608372316
 , , , 1.21074221, 0.0593799278
 , , , 1.22539064, 0.0579415262
 , , , 1.24003908, 0.0565222315
 , , , 1.25468752, 0.0551222302
 , , , 1.26933596, 0.053741686
 , , , 1.28398439, 0.0523807332
 , , , 1.29863283, 0.051039502
 , , , 1.31328127, 0.0497180969
 , , , 1.32792971, 0.0484166034
 , , , 1.34257815, 0.047135096
 , , , 1.35722658, 0.0458736271
 , , , 1.37187502, 0.0446322374
 , , , 1.38652346, 0.0434109494
 , , , 1.4011719, 0.0422097705
 , , , 1.41582033, 0.0410287008
 , , , 1.43046877, 0.0398677215
 , , , 1.44511721, 0.0387268029
 , , , 1.45976565, 0.0376059003
 , , , 1.47441408, 0.0365049578
 , , , 1.48906252, 0.0354239121
 , , , 1.50371096, 0.0343626849
 , , , 1.5183594, 0.0333211944
 , , , 1.53300784, 0.032299336
 , , , 1.54765627, 0.0312970094
 , , , 1.56230471, 0.0303141028
 , , , 1.57695315, 0.0293504857
 , , , 1.59160159, 0.0284060333
 , , , 1.60625002, 0.0274806041
 , , , 1.62089846, 0.0265740529
 , , , 1.6355469, 0.0256862268
 , , , 1.65019534, 0.0248169657
 , , , 1.66484377, 0.0239661075
 , , , 1.67949221, 0.0231334791
 , , , 1.69414065, 0.0223189052
 , , , 1.70878909, 0.0215222053
 , , , 1.72343753, 0.0207431912
 , , , 1.73808596, 0.0199816748
 , , , 1.7527344, 0.0192374606
 , , , 1.76738284, 0.0185103528
 , , , 1.78203128, 0.0178001467
 , , , 1.79667971, 0.0171066374
 , , , 1.81132815, 0.0164296199
 , , , 1.82597659, 0.0157688819
 , , , 1.84062503, 0.0151242111
 , , , 1.85527347, 0.0144953923
 , , , 1.8699219, 0.0138822077
 , , , 1.88457034, 0.0132844383
 , , , 1.89921878, 0.0127018653
 , , , 1.91386722, 0.0121342652
 , , , 1.92851565, 0.0115814162
 , , , 1.94316409, 0.0110430941
 , , , 1.95781253, 0.0105190743
 , , , 1.97246097, 0.0100091333
 , , , 1.9871094, 0.0095130438
 , , , 2.00175784, 0.00903058052
 , , , 2.01640628, 0.00856151897
 , , , 2.03105472, 0.00810563192
 , , , 2.04570316, 0.00766269537
 , , , 2.06035159, 0.00723248348
 , , , 2.07500003, 0.00681477273
 , , , 2.08964847, 0.00640933868
 , , , 2.10429691, 0.00601595873
 , , , 2.11894534, 0.00563441031
 , , , 2.13359378, 0.00526447315
 , , , 2.14824222, 0.00490592653
 , , , 2.16289066, 0.00455855206
 , , , 2.17753909, 0.00422213227
 , , , 2.19218753, 0.00389645156
 , , , 2.20683597, 0.00358129479
 , , , 2.22148441, 0.0032764494
 , , , 2.23613285, 0.00298170419
 , , , 2.25078128, 0.00269684941
 , , , 2.26542972, 0.00242167758
 , , , 2.28007816, 0.00215598289
 , , , 2.2947266, 0.00189956126
 , , , 2.30937503, 0.00165221083
 , , , 2.32402347, 0.00141373184
 , , , 2.33867191, 0.00118392659
 , , , 2.35332035, 0.000962599297
 , , , 2.36796879, 0.000749556755
 , , , 2.38261722, 0.000544607756
 , , , 2.39726566, 0.000347563357
 , , , 2.4119141, 0.000158237061
 , , , 2.42656254, -2.35553907e-05
 , , , 2.44121097, -0.000197995862
 , , , 2.45585941, -0.000365263812
 , , , 2.47050785, -0.000525536248
 , , , 2.48515629, -0.000678987824
 , , , 2.49980472, -0.00082579063
 , , , 2.51445316, -0.000966114341
 , , , 2.5291016, -0.00110012607
 , , , 2.54375004, -0.00122799049
 , , , 2.55839848, -0.00134986988
 , , , 2.57304691, -0.00146592362
 , , , 2.58769535, -0.00157630898
 , , , 2.60234379, -0.00168118055
 , , , 2.61699223, -0.00178069028
 , , , 2.63164066, -0.00187498762
 , , , 2.6462891, -0.00196421961
 , , , 2.66093754, -0.00204853085
 , , , 2.67558598, -0.002128063
 , , , 2.69023442, -0.00220295554
 , , , 2.70488285, -0.00227334537
 , , , 2.71953129, -0.00233936706
 , , , 2.73417973, -0.00240115216
 , , , 2.74882817, -0.0024588306
 , , , 2.7634766, -0.00251252903
 , , , 2.77812504, -0.00256237178
 , , , 2.79277348, -0.00260848156
 , , , 2.80742192, -0.00265097735
 , , , 2.82207035, -0.00268997694
 , , , 2.83671879, -0.00272559491
 , , , 2.85136723, -0.00275794393
 , , , 2.86601567, -0.00278713414
 , , , 2.88066411, -0.00281327358
 , , , 2.89531254, -0.00283646747
 , , , 2.90996098, -0.00285681919
 , , , 2.92460942, -0.0028744298
 , , , 2.93925786, -0.00288939802
 , , , 2.95390629, -0.00290182047
 , , , 2.96855473, -0.00291179167
 , , , 2.98320317, -0.00291940384
 , , , 2.99785161, -0.00292474683
 , , , 3.01250004, -0.00292790867
 , , , 3.02714848, -0.00292897527
 , , , 3.04179692, -0.00292803068
 , , , 3.05644536, -0.00292515638
 , , , 3.0710938, -0.00292043248
 , , , 3.08574223, -0.00291393651
 , , , 3.10039067, -0.00290574459
 , , , 3.11503911, -0.00289593032
 , , , 3.12968755, -0.00288456632
 , , , 3.14433598, -0.00287172222
 , , , 3.15898442, -0.00285746669
 , , , 3.17363286, -0.00284186611
 , , , 3.1882813, -0.00282498519
 , , , 3.20292974, -0.00280688726
 , , , 3.21757817, -0.00278763333
 , , , 3.23222661, -0.002767283
 , , , 3.24687505, -0.00274589448
 , , , 3.26152349, -0.00272352365
 , , , 3.27617192, -0.00270022522
 , , , 3.29082036, -0.00267605251
 , , , 3.3054688, -0.00265105697
 , , , 3.32011724, -0.00262528844
 , , , 3.33476567, -0.00259879557
 , , , 3.34941411, -0.00257162564
 , , , 3.36406255, -0.00254382356
 , , , 3.37871099, -0.00251543429
 , , , 3.39335943, -0.00248649996
 , , , 3.40800786, -0.00245706248
 , , , 3.4226563, -0.00242716167
 , , , 3.43730474, -0.00239683664
 , , , 3.45195318, -0.00236612442
 , , , 3.46660161, -0.00233506155
 , , , 3.48125005, -0.00230368297
 , , , 3.49589849, -0.00227202266
 , , , 3.51054693, -0.00224011298
 , , , 3.52519537, -0.00220798585
 , , , 3.5398438, -0.00217567128
 , , , 3.55449224, -0.00214319862
 , , , 3.56914068, -0.00211059628
 , , , 3.58378912, -0.00207789103
 , , , 3.59843755, -0.0020451094
 , , , 3.61308599, -0.00201227609
 , , , 3.62773443, -0.00197941577
 , , , 3.64238287, -0.00194655114
 , , , 3.6570313, -0.00191370468
 , , , 3.67167974, -0.00188089767
 , , , 3.68632818, -0.00184815051
 , , , 3.70097662, -0.00181548297
 , , , 3.71562506, -0.00178291369
 , , , 3.73027349, -0.00175046048
 , , , 3.74492193, -0.00171814067
 , , , 3.75957037, -0.00168597046
 , , , 3.77421881, -0.00165396545
 , , , 3.78886724, -0.00162214052
 , , , 3.80351568, -0.00159050978
 , , , 3.81816412, -0.00155908661
 , , , 3.83281256, -0.00152788381
 , , , 3.84746099, -0.00149691338
 , , , 3.86210943, -0.00146618683
 , , , 3.87675787, -0.00143571501
 , , , 3.89140631, -0.00140550802
 , , , 3.90605475, -0.00137557543
 , , , 3.92070318, -0.00134592631
 , , , 3.93535162, -0.00131656928
 , , , 3.95000006, -0.00128751213
 , , , 3.9646485, -0.00125876244
 , , , 3.97929693, -0.00123032695
 , , , 3.99394537, -0.00120221218
 , , , 4.00859381, -0.00117442408
 , , , 4.02324225, -0.0011469681
 , , , 4.03789069, -0.00111984927
 , , , 4.05253912, -0.00109307235
 , , , 4.06718756, -0.00106664142
 , , , 4.081836, -0.00104056019
 , , , 4.09648444, -0.00101483229
 , , , 4.11113287, -0.000989460619
 , , , 4.12578131, -0.000964447914
 , , , 4.14042975, -0.000939796446
 , , , 4.15507819, -0.000915508193
 , , , 4.16972662, -0.000891584845
 , , , 4.18437506, -0.000868027797
 , , , 4.1990235, -0.000844838039
 , , , 4.21367194, -0.000822016329
 , , , 4.22832038, -0.00079956319
 , , , 4.24296881, -0.000777478854
 , , , 4.25761725, -0.000755763205
 , , , 4.27226569, -0.000734416011
 , , , 4.28691413, -0.00071343669
 , , , 4.30156256, -0.0006928246
 , , , 4.316211, -0.000672578695
 , , , 4.33085944, -0.00065269781
 , , , 4.34550788, -0.000633180607
 , , , 4.36015631, -0.000614025455
 , , , 4.37480475, -0.000595230726
 , , , 4.38945319, -0.000576794439
 , , , 4.40410163, -0.000558714499
 , , , 4.41875007, -0.000540988753
 , , , 4.4333985, -0.000523614697
 , , , 4.44804694, -0.000506589946
 , , , 4.46269538, -0.000489911763
 , , , 4.47734382, -0.000473577384
 , , , 4.49199225, -0.000457583927
 , , , 4.50664069, -0.000441928394
 , , , 4.52128913, -0.000426607643
 , , , 4.53593757, -0.000411618472
 , , , 4.55058601, -0.000396957563
 , , , 4.56523444, -0.000382621511
 , , , 4.57988288, -0.000368606881
 , , , 4.59453132, -0.000354910066
 , , , 4.60917976, -0.000341527513
 , , , 4.62382819, -0.00032845547
 , , , 4.63847663, -0.000315690238
 , , , 4.65312507, -0.000303227978
 , , , 4.66777351, -0.000291064847
 , , , 4.68242194, -0.000279196975
 , , , 4.69707038, -0.000267620373
 , , , 4.71171882, -0.000256331114
 , , , 4.72636726, -0.00024532518
 , , , 4.7410157, -0.000234598498
 , , , 4.75566413, -0.00022414705
 , , , 4.77031257, -0.000213966734
 , , , 4.78496101, -0.000204053445
 , , , 4.79960945, -0.000194403081
 , , , 4.81425788, -0.000185011508
 , , , 4.82890632, -0.000175874593
 , , , 4.84355476, -0.000166988219
 , , , 4.8582032, -0.000158348223
 , , , 4.87285164, -0.000149950472
 , , , 4.88750007, -0.00014179085
 , , , 4.90214851, -0.000133865222
 , , , 4.91679695, -0.000126169471
 , , , 4.93144539, -0.000118699478
 , , , 4.94609382, -0.000111451176
 , , , 4.96074226, -0.000104420476
 , , , 4.9753907, -9.76033261e-05
 , , , 4.99003914, -9.09956871e-05
 , , , 5.00468757, -8.45935429e-05
 , , , 5.01933601, -7.83929136e-05
 , , , 5.03398445, -7.23898193e-05
 , , , 5.04863289, -6.65803382e-05
 , , , 5.06328133, -6.09605486e-05
 , , , 5.07792976, -5.5526576e-05
 , , , 5.0925782, -5.02745752e-05
 , , , 5.10722664, -4.52007334e-05
 , , , 5.12187508, -4.03012673e-05
 , , , 5.13652351, -3.55724333e-05
 , , , 5.15117195, -3.10105279e-05
 , , , 5.16582039, -2.66118732e-05
 , , , 5.18046883, -2.23728402e-05
 , , , 5.19511726, -1.82898384e-05
 , , , 5.2097657, -1.43593134e-05
 , , , 5.22441414, -1.05777526e-05
 , , , 5.23906258, -6.94168693e-06
 , , , 5.25371102, -3.44768819e-06
 , , , 5.26835945, -9.2371387e-08
 , , , 5.28300789, 3.12760517e-06
 , , , 5.29765633, 6.21553909e-06
 , , , 5.31230477, 9.17468333e-06
 , , , 5.3269532, 1.20082477e-05
 , , , 5.34160164, 1.4719395e-05
 , , , 5.35625008, 1.73112439e-05
 , , , 5.37089852, 1.97868649e-05
 , , , 5.38554696, 2.21492883e-05
 , , , 5.40019539, 2.44014918e-05
 , , , 5.41484383, 2.65464096e-05
 , , , 5.42949227, 2.85869301e-05
 , , , 5.44414071, 3.05258982e-05
 , , , 5.45878914, 3.23661043e-05
 , , , 5.47343758, 3.41102968e-05
 , , , 5.48808602, 3.57611862e-05
 , , , 5.50273446, 3.7321417e-05
 , , , 5.51738289, 3.87936088e-05
 , , , 5.53203133, 4.0180319e-05
 , , , 5.54667977, 4.14840688e-05
 , , , 5.56132821, 4.27073282e-05
 , , , 5.57597665, 4.38525203e-05
 , , , 5.59062508, 4.49220315e-05
 , , , 5.60527352, 4.59181974e-05
 , , , 5.61992196, 4.68433027e-05
 , , , 5.6345704, 4.76995956e-05
 , , , 5.64921883, 4.84892807e-05
 , , , 5.66386727, 4.92145118e-05
 , , , 5.67851571, 4.98774061e-05
 , , , 5.69316415, 5.04800264e-05
 , , , 5.70781259, 5.10244099e-05
 , , , 5.72246102, 5.15125321e-05
 , , , 5.73710946, 5.19463429e-05
 , , , 5.7517579, 5.2327734e-05
 , , , 5.76640634, 5.26585718e-05
 , , , 5.78105477, 5.29406716e-05
 , , , 5.79570321, 5.31758124e-05
 , , , 5.81035165, 5.33657258e-05
 , , , 5.82500009, 5.35121144e-05
 , , , 5.83964852, 5.36166335e-05
 , , , 5.85429696, 5.36809057e-05
 , , , 5.8689454, 5.37065062e-05
 , , , 5.88359384, 5.36949847e-05
 , , , 5.89824228, 5.36478437e-05
 , , , 5.91289071, 5.35665567e-05
 , , , 5.92753915, 5.34525461e-05
 , , , 5.94218759, 5.33072198e-05
 , , , 5.95683603, 5.31319347e-05
 , , , 5.97148446, 5.29280151e-05
 , , , 5.9861329, 5.26967597e-05
 , , , 6.00078134, 5.243942e-05
 , , , 6.01542978, 5.21572256e-05
 , , , 6.03007821, 5.18513698e-05
 , , , 6.04472665, 5.15230131e-05
 , , , 6.05937509, 5.11732796e-05
 , , , 6.07402353, 5.08032754e-05
 , , , 6.08867197, 5.04140589e-05
 , , , 6.1033204, 5.00066672e-05
 , , , 6.11796884, 4.9582115e-05
 , , , 6.13261728, 4.91413739e-05
 , , , 6.14726572, 4.86853933e-05
 , , , 6.16191415, 4.82150972e-05
 , , , 6.17656259, 4.77313806e-05
 , , , 6.19121103, 4.72351057e-05
 , , , 6.20585947, 4.67271166e-05
 , , , 6.22050791, 4.62082244e-05
 , , , 6.23515634, 4.56792186e-05
 , , , 6.24980478, 4.51408669e-05
 , , , 6.26445322, 4.4593904e-05
 , , , 6.27910166, 4.40390431e-05
 , , , 6.29375009, 4.3476979e-05
 , , , 6.30839853, 4.29083811e-05
 , , , 6.32304697, 4.23338934e-05
 , , , 6.33769541, 4.17541414e-05
 , , , 6.35234384, 4.1169722e-05
 , , , 6.36699228, 4.05812243e-05
 , , , 6.38164072, 3.99892015e-05
 , , , 6.39628916, 3.93941955e-05
 , , , 6.4109376, 3.87967266e-05
 , , , 6.42558603, 3.81973005e-05
 , , , 6.44023447, 3.759639e-05
 , , , 6.45488291, 3.69944646e-05
 , , , 6.46953135, 3.63919717e-05
 , , , 6.48417978, 3.57893332e-05
 , , , 6.49882822, 3.51869639e-05
 , , , 6.51347666, 3.45852604e-05
 , , , 6.5281251, 3.39845938e-05
 , , , 6.54277353, 3.33853277e-05
 , , , 6.55742197, 3.27878079e-05
 , , , 6.57207041, 3.2192369e-05
 , , , 6.58671885, 3.15993275e-05
 , , , 6.60136729, 3.10089781e-05
 , , , 6.61601572, 3.04216155e-05
 , , , 6.63066416, 2.98375126e-05
 , , , 6.6453126, 2.92569293e-05
 , , , 6.65996104, 2.86801132e-05
 , , , 6.67460947, 2.81073026e-05
 , , , 6.68925791, 2.75387174e-05
 , , , 6.70390635, 2.69745706e-05
 , , , 6.71855479, 2.6415064e-05
 , , , 6.73320323, 2.58603832e-05
 , , , 6.74785166, 2.53107082e-05
 , , , 6.7625001, 2.47662065e-05
 , , , 6.77714854, 2.42270344e-05
 , , , 6.79179698, 2.36933392e-05
 , , , 6.80644541, 2.31652593e-05
 , , , 6.82109385, 2.2642922e-05
 , , , 6.83574229, 2.21264472e-05
 , , , 6.85039073, 2.16159442e-05
 , , , 6.86503916, 2.11115184e-05
 , , , 6.8796876, 2.0613259e-05
 , , , 6.89433604, 2.01212551e-05
 , , , 6.90898448, 1.9635585e-05
 , , , 6.92363292, 1.91563176e-05
 , , , 6.93828135, 1.86835168e-05
 , , , 6.95292979, 1.82172407e-05
 , , , 6.96757823, 1.77575384e-05
 , , , 6.98222667, 1.73044555e-05
 , , , 6.9968751, 1.68580264e-05
 , , , 7.01152354, 1.64182838e-05
 , , , 7.02617198, 1.59852534e-05
 , , , 7.04082042, 1.55589551e-05
 , , , 7.05546886, 1.51394051e-05
 , , , 7.07011729, 1.47266119e-05
 , , , 7.08476573, 1.43205798e-05
 , , , 7.09941417, 1.39213089e-05
 , , , 7.11406261, 1.35287955e-05
 , , , 7.12871104, 1.31430306e-05
 , , , 7.14335948, 1.27640005e-05
 , , , 7.15800792, 1.23916889e-05
 , , , 7.17265636, 1.20260738e-05
 , , , 7.18730479, 1.16671308e-05
 , , , 7.20195323, 1.13148335e-05
 , , , 7.21660167, 1.09691482e-05
 , , , 7.23125011, 1.06300422e-05
 , , , 7.24589855, 1.02974773e-05
 , , , 7.26054698, 9.9714116e-06
 , , , 7.27519542, 9.65180425e-06
 , , , 7.28984386, 9.33860792e-06
 , , , 7.3044923, 9.03177533e-06
 , , , 7.31914073, 8.73125464e-06
 , , , 7.33378917, 8.4369949e-06
 , , , 7.34843761, 8.14893883e-06
 , , , 7.36308605, 7.86703185e-06
 , , , 7.37773448, 7.59121394e-06
 , , , 7.39238292, 7.32142507e-06
 , , , 7.40703136, 7.05760385e-06
 , , , 7.4216798, 6.79968571e-06
 , , , 7.43632824, 6.54760652e-06
 , , , 7.45097667, 6.30129944e-06
 , , , 7.46562511, 6.06069761e-06
 , , , 7.48027355, 5.82573239e-06
 , , , 7.49492199, 5.59633372e-06
 , , , 7.50957042, 5.37243204e-06
 , , , 7.52421886, 5.15395504e-06
 , , , 7.5388673, 4.94083133e-06
 , , , 7.55351574, 4.73298769e-06
 , , , 7.56816418, 4.53035091e-06
 , , , 7.58281261, 4.33284686e-06
 , , , 7.59746105, 4.14040142e-06
 , , , 7.61210949, 3.95293955e-06
 , , , 7.62675793, 3.77038646e-06
 , , , 7.64140636, 3.59266619e-06
 , , , 7.6560548, 3.41970349e-06
 , , , 7.67070324, 3.25142241e-06
 , , , 7.68535168, 3.08774747e-06
 , , , 7.70000011, 2.9286025e-06
 , , , 7.71464855, 2.77391155e-06
 , , , 7.72929699, 2.62359913e-06
 , , , 7.74394543, 2.47758931e-06
 , , , 7.75859387, 2.33580658e-06
 , , , 7.7732423, 2.19817593e-06
 , , , 7.78789074, 2.06462187e-06
 , , , 7.80253918, 1.93507003e-06
 , , , 7.81718762, 1.80944585e-06
 , , , 7.83183605, 1.68767519e-06
 , , , 7.84648449, 1.56968429e-06
 , , , 7.86113293, 1.45540014e-06
 , , , 7.87578137, 1.34474976e-06
 , , , 7.89042981, 1.23766085e-06
 , , , 7.90507824, 1.1340619e-06
 , , , 7.91972668, 1.0338814e-06
 , , , 7.93437512, 9.37048924e-07
 , , , 7.94902356, 8.43494377e-07
 , , , 7.96367199, 7.53148356e-07
 , , , 7.97832043, 6.65942025e-07
 , , , 7.99296887, 5.81807399e-07
 , , , 8.00761731, 5.00677004e-07
 , , , 8.02226574, 4.22484078e-07
 , , , 8.03691418, 3.47162739e-07
 , , , 8.05156262, 2.74647618e-07
 , , , 8.06621106, 2.04874269e-07
 , , , 8.0808595, 1.37778912e-07
 , , , 8.09550793, 7.32985654e-08
 , , , 8.11015637, 1.13710374e-08
 , , , 8.12480481, -4.80650719e-08
 , , , 8.13945325, -1.05070363e-07
 , , , 8.15410168, -1.59704612e-07
 , , , 8.16875012, -2.12026805e-07
 , , , 8.18339856, -2.62095085e-07
 , , , 8.198047, -3.09966737e-07
 , , , 8.21269543, -3.55698234e-07
 , , , 8.22734387, -3.99345225e-07
 , , , 8.24199231, -4.40962509e-07
 , , , 8.25664075, -4.80604001e-07
 , , , 8.27128919, -5.18322793e-07
 , , , 8.28593762, -5.54171152e-07
 , , , 8.30058606, -5.88200464e-07
 , , , 8.3152345, -6.20461265e-07
 , , , 8.32988294, -6.51003234e-07
 , , , 8.34453137, -6.798752e-07
 , , , 8.35917981, -7.07125196e-07
 , , , 8.37382825, -7.32800288e-07
 , , , 8.38847669, -7.56946804e-07
 , , , 8.40312513, -7.79610275e-07
 , , , 8.41777356, -8.0083521e-07
 , , , 8.432422, -8.20665491e-07
 , , , 8.44707044, -8.39144036e-07
 , , , 8.46171888, -8.56312909e-07
 , , , 8.47636731, -8.72213548e-07
 , , , 8.49101575, -8.86886369e-07
 , , , 8.50566419, -9.00371049e-07
 , , , 8.52031263, -9.12706525e-07
 , , , 8.53496106, -9.23930827e-07
 , , , 8.5496095, -9.34081299e-07
 , , , 8.56425794, -9.43194436e-07
 , , , 8.57890638, -9.51305992e-07
 , , , 8.59355482, -9.58450869e-07
 , , , 8.60820325, -9.646634e-07
 , , , 8.62285169, -9.69976895e-07
 , , , 8.63750013, -9.74424211e-07
 , , , 8.65214857, -9.78037178e-07
 , , , 8.666797, -9.80847062e-07
 , , , 8.68144544, -9.82884444e-07
 , , , 8.69609388, -9.8417911e-07
 , , , 8.71074232, -9.8476005e-07
 , , , 8.72539076, -9.84655912e-07
 , , , 8.74003919, -9.83894211e-07
 , , , 8.75468763, -9.82502002e-07
 , , , 8.76933607, -9.80505774e-07
 , , , 8.78398451, -9.77931222e-07
 , , , 8.79863294, -9.74803356e-07
 , , , 8.81328138, -9.71146619e-07
 , , , 8.82792982, -9.66984771e-07
 , , , 8.84257826, -9.62341119e-07
 , , , 8.85722669, -9.57238171e-07
 , , , 8.87187513, -9.51697814e-07
 , , , 8.88652357, -9.45741476e-07
 , , , 8.90117201, -9.39389963e-07
 , , , 8.91582045, -9.32663511e-07
 , , , 8.93046888, -9.2558173e-07
 , , , 8.94511732, -9.18163721e-07
 , , , 8.95976576, -9.10428014e-07
 , , , 8.9744142, -9.02392685e-07
 , , , 8.98906263, -8.94075185e-07
 , , , 9.00371107, -8.85492511e-07
 , , , 9.01835951, -8.76661147e-07
 , , , 9.03300795, -8.67597009e-07
 , , , 9.04765638, -8.58315616e-07
 , , , 9.06230482, -8.48831974e-07
 , , , 9.07695326, -8.39160634e-07
 , , , 9.0916017, -8.29315638e-07
 , , , 9.10625014, -8.19310571e-07
 , , , 9.12089857, -8.09158735e-07
 , , , 9.13554701, -7.98872748e-07
 , , , 9.15019545, -7.88465059e-07
 , , , 9.16484389, -7.77947434e-07
 , , , 9.17949232, -7.67331471e-07
 , , , 9.19414076, -7.5662831e-07
 , , , 9.2087892, -7.45848524e-07
 , , , 9.22343764, -7.35002573e-07
 , , , 9.23808608, -7.24100403e-07
 , , , 9.25273451, -7.13151564e-07
 , , , 9.26738295, -7.02165266e-07
 , , , 9.28203139, -6.9115049e-07
 , , , 9.29667983, -6.80115761e-07
 , , , 9.31132826, -6.69069266e-07
 , , , 9.3259767, -6.58018905e-07
 , , , 9.34062514, -6.46972296e-07
 , , , 9.35527358, -6.35936658e-07
 , , , 9.36992201, -6.24919039e-07
 , , , 9.38457045, -6.1392609e-07
 , , , 9.39921889, -6.02964178e-07
 , , , 9.41386733, -5.92039385e-07
 , , , 9.42851577, -5.81157678e-07
 , , , 9.4431642, -5.7032446e-07
 , , , 9.45781264, -5.59545242e-07
 , , , 9.47246108, -5.48824914e-07
 , , , 9.48710952, -5.38168422e-07
 , , , 9.50175795, -5.27580312e-07
 , , , 9.51640639, -5.17064905e-07
 , , , 9.53105483, -5.06626407e-07
 , , , 9.54570327, -4.96268683e-07
 , , , 9.5603517, -4.85995429e-07
 , , , 9.57500014, -4.7581014e-07
 , , , 9.58964858, -4.65716141e-07
 , , , 9.60429702, -4.55716503e-07
 , , , 9.61894546, -4.45814152e-07
 , , , 9.63359389, -4.36011817e-07
 , , , 9.64824233, -4.26312027e-07
 , , , 9.66289077, -4.16717199e-07
 , , , 9.67753921, -4.07229521e-07
 , , , 9.69218764, -3.97851068e-07
 , , , 9.70683608, -3.88583686e-07
 , , , 9.72148452, -3.79429167e-07
 , , , 9.73613296, -3.70389102e-07
 , , , 9.7507814, -3.61464913e-07
 , , , 9.76542983, -3.52657963e-07
 , , , 9.78007827, -3.43969418e-07
 , , , 9.79472671, -3.35400358e-07
 , , , 9.80937515, -3.26951692e-07
 , , , 9.82402358, -3.18624245e-07
 , , , 9.83867202, -3.10418727e-07
 , , , 9.85332046, -3.02335735e-07
 , , , 9.8679689, -2.94375781e-07
 , , , 9.88261733, -2.86539176e-07
